55.7589600 12.1818760
55.7589680 12.1819020
55.7589540 12.1818860
55.7589480 12.1818800
55.7589610 12.1818780
55.7589720 12.1818680
55.7589670 12.1818790
55.7589670 12.1818790
55.7589580 12.1818800
55.7589520 12.1818720
55.7589510 12.1818710
55.7589480 12.1818720
55.7589430 12.1818720
55.7589390 12.1818700
55.7589330 12.1818810
55.7589300 12.1819210
55.7589300 12.1819360
55.7589300 12.1819520
55.7589390 12.1819840
55.7589470 12.1820080
55.7590310 12.1820710
55.7590550 12.1820710
55.7590660 12.1820640
55.7590740 12.1820560
55.7590820 12.1820520
55.7590900 12.1820520
55.7590940 12.1820570
55.7590940 12.1820710
55.7590910 12.1820930
55.7590900 12.1821110
55.7590910 12.1821300
55.7590910 12.1821480
55.7590880 12.1821660
55.7590810 12.1821910
55.7590780 12.1822090
55.7590750 12.1822260
55.7590720 12.1822430
55.7590690 12.1822630
55.7590690 12.1822800
55.7590740 12.1822850
55.7590760 12.1822960
55.7590780 12.1822970
55.7590800 12.1822960
55.7590650 12.1822800
55.7590550 12.1822790
55.7590440 12.1822890
55.7590350 12.1822990
55.7590320 12.1823600
55.7590310 12.1824020
55.7590330 12.1824150
55.7590340 12.1824310
55.7590330 12.1824520
55.7590360 12.1824740
55.7590330 12.1824970
55.7590270 12.1825080
55.7590230 12.1825250
55.7590180 12.1825610
55.7590180 12.1825750
55.7590170 12.1825900
55.7590190 12.1826000
55.7590150 12.1826230
55.7590050 12.1826390
55.7589970 12.1826590
55.7589930 12.1826830
55.7589870 12.1827230
55.7589850 12.1827380
55.7589820 12.1827540
55.7589780 12.1827770
55.7589760 12.1827960
55.7589710 12.1828150
55.7589670 12.1828350
55.7589670 12.1828540
55.7589670 12.1828730
55.7589680 12.1828920
55.7589670 12.1829120
55.7589630 12.1829330
55.7589540 12.1829680
55.7589510 12.1829810
55.7589470 12.1829950
55.7589400 12.1830320
55.7589380 12.1830470
55.7589350 12.1830610
55.7589310 12.1830830
55.7589300 12.1831030
55.7589300 12.1831240
55.7589300 12.1831620
55.7589290 12.1831770
55.7589280 12.1831930
55.7589250 12.1832140
55.7589210 12.1832320
55.7589170 12.1832460
55.7589040 12.1832720
55.7588960 12.1832820
55.7588890 12.1832930
55.7588850 12.1833170
55.7588840 12.1833290
55.7588820 12.1833410
55.7588790 12.1833530
55.7588770 12.1833610
55.7588760 12.1833620
55.7588760 12.1833620
55.7588770 12.1833680
55.7588790 12.1833820
55.7588820 12.1834000
55.7588810 12.1834350
55.7588770 12.1834630
55.7588740 12.1834800
55.7588730 12.1835000
55.7588730 12.1835210
55.7588750 12.1835420
55.7588640 12.1835630
55.7588610 12.1835750
55.7588530 12.1836090
55.7588500 12.1836240
55.7588470 12.1836380
55.7588430 12.1836610
55.7588410 12.1836800
55.7588380 12.1837000
55.7588320 12.1837330
55.7588270 12.1837460
55.7588230 12.1837600
55.7588080 12.1837930
55.7588040 12.1838050
55.7588010 12.1838160
55.7587900 12.1838470
55.7587880 12.1838610
55.7587850 12.1838760
55.7587840 12.1839020
55.7587820 12.1839280
55.7587810 12.1839430
55.7587780 12.1839640
55.7587740 12.1839840
55.7587680 12.1840230
55.7587670 12.1840360
55.7587650 12.1840500
55.7587630 12.1840710
55.7587600 12.1840980
55.7587520 12.1841140
55.7587460 12.1841400
55.7587430 12.1841610
55.7587380 12.1841720
55.7587330 12.1841930
55.7587290 12.1842280
55.7587280 12.1842430
55.7587270 12.1842590
55.7587260 12.1842840
55.7587250 12.1843080
55.7587230 12.1843300
55.7587200 12.1843530
55.7587200 12.1843670
55.7587130 12.1843890
55.7587120 12.1844090
55.7587160 12.1844250
55.7587200 12.1844440
55.7587210 12.1844660
55.7587190 12.1844860
55.7587160 12.1845080
55.7587060 12.1845330
55.7586950 12.1845690
55.7586900 12.1845810
55.7586860 12.1845940
55.7586780 12.1846150
55.7586690 12.1846370
55.7586640 12.1846570
55.7586630 12.1846770
55.7586640 12.1846990
55.7586630 12.1847190
55.7586620 12.1847400
55.7586600 12.1847610
55.7586520 12.1847680
55.7586490 12.1847860
55.7586480 12.1848050
55.7586430 12.1848240
55.7586410 12.1848440
55.7586340 12.1848440
55.7586330 12.1848580
55.7586360 12.1848970
55.7586360 12.1849130
55.7586370 12.1849300
55.7586360 12.1849560
55.7586350 12.1849810
55.7586320 12.1850200
55.7586300 12.1850380
55.7586290 12.1850550
55.7586240 12.1850770
55.7586190 12.1850970
55.7586050 12.1850990
55.7585980 12.1851180
55.7585880 12.1851460
55.7585770 12.1851700
55.7585770 12.1851890
55.7585760 12.1852050
55.7585740 12.1852440
55.7585740 12.1852600
55.7585740 12.1852770
55.7585740 12.1853020
55.7585760 12.1853250
55.7585790 12.1853460
55.7585750 12.1853680
55.7585740 12.1853880
55.7585570 12.1854110
55.7585460 12.1854300
55.7585400 12.1854520
55.7585350 12.1854790
55.7585330 12.1855150
55.7585330 12.1855330
55.7585340 12.1855510
55.7585370 12.1855610
55.7585410 12.1855760
55.7585460 12.1855920
55.7585490 12.1856110
55.7585530 12.1856300
55.7585600 12.1856440
55.7585670 12.1856610
55.7585730 12.1856780
55.7585820 12.1856940
55.7585800 12.1857140
55.7585770 12.1857320
55.7585820 12.1857450
55.7585850 12.1857640
55.7585920 12.1857780
55.7586010 12.1857890
55.7586110 12.1857960
55.7586330 12.1857960
55.7586420 12.1857920
55.7586520 12.1857880
55.7586640 12.1857890
55.7586630 12.1858140
55.7586680 12.1858280
55.7586720 12.1858310
55.7586820 12.1858360
55.7586960 12.1858410
55.7587080 12.1858450
55.7587190 12.1858480
55.7587280 12.1858530
55.7587370 12.1858640
55.7587420 12.1858780
55.7587460 12.1858900
55.7587560 12.1858880
55.7587680 12.1858870
55.7587800 12.1858940
55.7587910 12.1859000
55.7588040 12.1859010
55.7588150 12.1859040
55.7588350 12.1859060
55.7588430 12.1859110
55.7588510 12.1859160
55.7588640 12.1859210
55.7588730 12.1859360
55.7588830 12.1859330
55.7588950 12.1859370
55.7589040 12.1859720
55.7589230 12.1860010
55.7589290 12.1860080
55.7589340 12.1860150
55.7589450 12.1860260
55.7589560 12.1860360
55.7589660 12.1860450
55.7589750 12.1860510
55.7589850 12.1860580
55.7589960 12.1860650
55.7590060 12.1860630
55.7590190 12.1860660
55.7590290 12.1860680
55.7590400 12.1860710
55.7590510 12.1860750
55.7590620 12.1860810
55.7590750 12.1860900
55.7590880 12.1860990
55.7591010 12.1861130
55.7591100 12.1861190
55.7591180 12.1861240
55.7591380 12.1861390
55.7591450 12.1861500
55.7591530 12.1861600
55.7591730 12.1861790
55.7591810 12.1861840
55.7591900 12.1861900
55.7592020 12.1861900
55.7592140 12.1861930
55.7592250 12.1861950
55.7592360 12.1861930
55.7592470 12.1862040
55.7592580 12.1862170
55.7592700 12.1862290
55.7592800 12.1862510
55.7592890 12.1862660
55.7592990 12.1862740
55.7593090 12.1862820
55.7593200 12.1862900
55.7593290 12.1863060
55.7593400 12.1863150
55.7593480 12.1863230
55.7593590 12.1863300
55.7593700 12.1863370
55.7593800 12.1863490
55.7593900 12.1863590
55.7593970 12.1863610
55.7594080 12.1863680
55.7594200 12.1863760
55.7594300 12.1863820
55.7594440 12.1863950
55.7594550 12.1864050
55.7594710 12.1864270
55.7594790 12.1864360
55.7594860 12.1864460
55.7594990 12.1864600
55.7595110 12.1864730
55.7595290 12.1864890
55.7595370 12.1864960
55.7595450 12.1865030
55.7595580 12.1865100
55.7595710 12.1865160
55.7595830 12.1865200
55.7595940 12.1865260
55.7596050 12.1865330
55.7596170 12.1865400
55.7596270 12.1865510
55.7596320 12.1865500
55.7596500 12.1865670
55.7596650 12.1865740
55.7596780 12.1865780
55.7596890 12.1865810
55.7597000 12.1865930
55.7597230 12.1866240
55.7597310 12.1866330
55.7597430 12.1866400
55.7597560 12.1866590
55.7597640 12.1866690
55.7597740 12.1866760
55.7597840 12.1866850
55.7598040 12.1866980
55.7598110 12.1867030
55.7598190 12.1867080
55.7598290 12.1867140
55.7598390 12.1867180
55.7598480 12.1867260
55.7598590 12.1867300
55.7598690 12.1867280
55.7598780 12.1867230
55.7598880 12.1867170
55.7598990 12.1867170
55.7599090 12.1867230
55.7599190 12.1867260
55.7599300 12.1867380
55.7599410 12.1867500
55.7599510 12.1867600
55.7599610 12.1867730
55.7599690 12.1867760
55.7599860 12.1868000
55.7599940 12.1868080
55.7600010 12.1868150
55.7600110 12.1868190
55.7600210 12.1868190
55.7600310 12.1868220
55.7600400 12.1868280
55.7600500 12.1868370
55.7600600 12.1868480
55.7600780 12.1868620
55.7600860 12.1868690
55.7600940 12.1868750
55.7601040 12.1868810
55.7601130 12.1868940
55.7601220 12.1869060
55.7601430 12.1869260
55.7601500 12.1869340
55.7601580 12.1869410
55.7601770 12.1869480
55.7601860 12.1869500
55.7601940 12.1869530
55.7602120 12.1869790
55.7602190 12.1869860
55.7602260 12.1869940
55.7602440 12.1870130
55.7602520 12.1870190
55.7602590 12.1870260
55.7602670 12.1870320
55.7602770 12.1870380
55.7602880 12.1870470
55.7602980 12.1870490
55.7603080 12.1870510
55.7603170 12.1870560
55.7603260 12.1870640
55.7603360 12.1870650
55.7603480 12.1870680
55.7603680 12.1870740
55.7603770 12.1870740
55.7603850 12.1870750
55.7603910 12.1870970
55.7603970 12.1871200
55.7604050 12.1871360
55.7604140 12.1871510
55.7604260 12.1871600
55.7604440 12.1871770
55.7604520 12.1871850
55.7604590 12.1871940
55.7604690 12.1872050
55.7604850 12.1872100
55.7605060 12.1872230
55.7605140 12.1872280
55.7605230 12.1872330
55.7605360 12.1872400
55.7605450 12.1872430
55.7605540 12.1872450
55.7605660 12.1872530
55.7605740 12.1872610
55.7605820 12.1872690
55.7605910 12.1872780
55.7606010 12.1872870
55.7606130 12.1872910
55.7606260 12.1873000
55.7606400 12.1873160
55.7606530 12.1873350
55.7606600 12.1873440
55.7606670 12.1873540
55.7606740 12.1873640
55.7606920 12.1873830
55.7607000 12.1873880
55.7607070 12.1873940
55.7607180 12.1874000
55.7607300 12.1874050
55.7607410 12.1874120
55.7607520 12.1874210
55.7607630 12.1874270
55.7607740 12.1874330
55.7607850 12.1874380
55.7607970 12.1874450
55.7608070 12.1874520
55.7608200 12.1874580
55.7608360 12.1874690
55.7608520 12.1874820
55.7608630 12.1874890
55.7608730 12.1874900
55.7608840 12.1874930
55.7608980 12.1874970
55.7609120 12.1875020
55.7609260 12.1875360
55.7609360 12.1875550
55.7609450 12.1875640
55.7609560 12.1875710
55.7609680 12.1875780
55.7609770 12.1875880
55.7609860 12.1875960
55.7609950 12.1876000
55.7610050 12.1876040
55.7610160 12.1876040
55.7610330 12.1875850
55.7610400 12.1875750
55.7610460 12.1875660
55.7610590 12.1875390
55.7610600 12.1875230
55.7610620 12.1875080
55.7610570 12.1874560
55.7610570 12.1874310
55.7610540 12.1874050
55.7610550 12.1873740
55.7610530 12.1873480
55.7610530 12.1873360
55.7610550 12.1873180
55.7610580 12.1872980
55.7610630 12.1872630
55.7610650 12.1872490
55.7610670 12.1872350
55.7610700 12.1872090
55.7610720 12.1871870
55.7610740 12.1871610
55.7610750 12.1871320
55.7610760 12.1871100
55.7610760 12.1870940
55.7610750 12.1870760
55.7610770 12.1870410
55.7610790 12.1870250
55.7610810 12.1870100
55.7610830 12.1869960
55.7610870 12.1869800
55.7610900 12.1869590
55.7610930 12.1869380
55.7610940 12.1869180
55.7610970 12.1868960
55.7610990 12.1868740
55.7611000 12.1868520
55.7611000 12.1868320
55.7611010 12.1868140
55.7611010 12.1867950
55.7611000 12.1867750
55.7610990 12.1867540
55.7611000 12.1867340
55.7611020 12.1867150
55.7611030 12.1866940
55.7611060 12.1866720
55.7611080 12.1866520
55.7611080 12.1866170
55.7611080 12.1866020
55.7611080 12.1865870
55.7611100 12.1865670
55.7611090 12.1865470
55.7611080 12.1865270
55.7611090 12.1865070
55.7611110 12.1864890
55.7611120 12.1864690
55.7611140 12.1864310
55.7611160 12.1864170
55.7611170 12.1864020
55.7611180 12.1863800
55.7611210 12.1863620
55.7611230 12.1863420
55.7611240 12.1863230
55.7611250 12.1863020
55.7611240 12.1862810
55.7611230 12.1862610
55.7611230 12.1862430
55.7611220 12.1862210
55.7611220 12.1862020
55.7611200 12.1861840
55.7611200 12.1861700
55.7611210 12.1861540
55.7611210 12.1861310
55.7611220 12.1861100
55.7611250 12.1860910
55.7611280 12.1860700
55.7611300 12.1860490
55.7611310 12.1860270
55.7611330 12.1860070
55.7611350 12.1859890
55.7611360 12.1859530
55.7611370 12.1859390
55.7611370 12.1859240
55.7611400 12.1859050
55.7611440 12.1858780
55.7611470 12.1858630
55.7611480 12.1858360
55.7611490 12.1858180
55.7611490 12.1858000
55.7611480 12.1857620
55.7611460 12.1857470
55.7611450 12.1857310
55.7611440 12.1857110
55.7611440 12.1856910
55.7611430 12.1856690
55.7611420 12.1856450
55.7611400 12.1856250
55.7611390 12.1856050
55.7611350 12.1855840
55.7611320 12.1855630
55.7611280 12.1855440
55.7611240 12.1855300
55.7611210 12.1855130
55.7611160 12.1854930
55.7611100 12.1854730
55.7611060 12.1854540
55.7611000 12.1854380
55.7610930 12.1854200
55.7610880 12.1854040
55.7610810 12.1853850
55.7610770 12.1853660
55.7610740 12.1853520
55.7610700 12.1853360
55.7610600 12.1853070
55.7610550 12.1852940
55.7610500 12.1852800
55.7610440 12.1852640
55.7610380 12.1852470
55.7610320 12.1852290
55.7610380 12.1851930
55.7610340 12.1851700
55.7610280 12.1851530
55.7610240 12.1851340
55.7610190 12.1851180
55.7610140 12.1851000
55.7610090 12.1850800
55.7610070 12.1850590
55.7610100 12.1850240
55.7610120 12.1850080
55.7610130 12.1849930
55.7610170 12.1849550
55.7610180 12.1849410
55.7610190 12.1849280
55.7610200 12.1849010
55.7610230 12.1848780
55.7610250 12.1848620
55.7610260 12.1848430
55.7610290 12.1848220
55.7610360 12.1847870
55.7610380 12.1847730
55.7610410 12.1847590
55.7610490 12.1847370
55.7610550 12.1847140
55.7610600 12.1846940
55.7610720 12.1846760
55.7610770 12.1846600
55.7610810 12.1846400
55.7610830 12.1846210
55.7610830 12.1845990
55.7610810 12.1845790
55.7610780 12.1845580
55.7610760 12.1845390
55.7610740 12.1845200
55.7610720 12.1844990
55.7610690 12.1844620
55.7610660 12.1844490
55.7610640 12.1844350
55.7610630 12.1844150
55.7610630 12.1843950
55.7610630 12.1843720
55.7610640 12.1843520
55.7610630 12.1843340
55.7610610 12.1843150
55.7610600 12.1842970
55.7610590 12.1842770
55.7610580 12.1842570
55.7610560 12.1842390
55.7610550 12.1842190
55.7610530 12.1841990
55.7610500 12.1841770
55.7610490 12.1841620
55.7610510 12.1841430
55.7610530 12.1841040
55.7610560 12.1840900
55.7610580 12.1840750
55.7610640 12.1840370
55.7610680 12.1840180
55.7610710 12.1840000
55.7610760 12.1839600
55.7610790 12.1839460
55.7610820 12.1839320
55.7610940 12.1839040
55.7611000 12.1838920
55.7611050 12.1838800
55.7611150 12.1838660
55.7611240 12.1838520
55.7611320 12.1838370
55.7611390 12.1838210
55.7611460 12.1838080
55.7611530 12.1837940
55.7611580 12.1837790
55.7611640 12.1837640
55.7611680 12.1837480
55.7611730 12.1837330
55.7611770 12.1837170
55.7611820 12.1837000
55.7611880 12.1836870
55.7611950 12.1836730
55.7612010 12.1836600
55.7612140 12.1836300
55.7612190 12.1836170
55.7612250 12.1836030
55.7612300 12.1835870
55.7612370 12.1835690
55.7612440 12.1835540
55.7612490 12.1835390
55.7612550 12.1835210
55.7612620 12.1835060
55.7612690 12.1834940
55.7612740 12.1834790
55.7612800 12.1834660
55.7612850 12.1834530
55.7612880 12.1834400
55.7612920 12.1834270
55.7612970 12.1834140
55.7613050 12.1833990
55.7613110 12.1833930
55.7613170 12.1833830
55.7613230 12.1833650
55.7613300 12.1833470
55.7613360 12.1833330
55.7613420 12.1833180
55.7613480 12.1833020
55.7613560 12.1832830
55.7613620 12.1832670
55.7613700 12.1832500
55.7613740 12.1832330
55.7613800 12.1832130
55.7613860 12.1831940
55.7613900 12.1831790
55.7613950 12.1831690
55.7613990 12.1831580
55.7614020 12.1831440
55.7614040 12.1831280
55.7614030 12.1831110
55.7614030 12.1830960
55.7614010 12.1830820
55.7614000 12.1830650
55.7613970 12.1830520
55.7613960 12.1830390
55.7613950 12.1830250
55.7613950 12.1830090
55.7613970 12.1829950
55.7613980 12.1829830
55.7613990 12.1829660
55.7614010 12.1829480
55.7614030 12.1829290
55.7614020 12.1829150
55.7614020 12.1828990
55.7614000 12.1828620
55.7613990 12.1828460
55.7613990 12.1828300
55.7614000 12.1828120
55.7614050 12.1827950
55.7614080 12.1827770
55.7614090 12.1827560
55.7614100 12.1827330
55.7614090 12.1827120
55.7614110 12.1826980
55.7614150 12.1826730
55.7614190 12.1826530
55.7614200 12.1826300
55.7614220 12.1826150
55.7614200 12.1826020
55.7614220 12.1825670
55.7614230 12.1825520
55.7614230 12.1825360
55.7614330 12.1824920
55.7614340 12.1824830
55.7614340 12.1824740
55.7614370 12.1824350
55.7614370 12.1824210
55.7614380 12.1824070
55.7614380 12.1823870
55.7614380 12.1823690
55.7614380 12.1823520
55.7614370 12.1823330
55.7614370 12.1823130
55.7614340 12.1822980
55.7614310 12.1822830
55.7614300 12.1822650
55.7614300 12.1822440
55.7614300 12.1822230
55.7614280 12.1822030
55.7614250 12.1821900
55.7614240 12.1821690
55.7614240 12.1821530
55.7614270 12.1821350
55.7614300 12.1821150
55.7614290 12.1820940
55.7614280 12.1820740
55.7614270 12.1820540
55.7614250 12.1820400
55.7614240 12.1820280
55.7614240 12.1820160
55.7614230 12.1819980
55.7614230 12.1819780
55.7614200 12.1819580
55.7614200 12.1819410
55.7614140 12.1819190
55.7614110 12.1819000
55.7614070 12.1818830
55.7614060 12.1818640
55.7614060 12.1818450
55.7614070 12.1818240
55.7614070 12.1818040
55.7614070 12.1817810
55.7614070 12.1817620
55.7614080 12.1817410
55.7614090 12.1817210
55.7614110 12.1817010
55.7614120 12.1816820
55.7614120 12.1816670
55.7614110 12.1816520
55.7614070 12.1816340
55.7614040 12.1816190
55.7613980 12.1816070
55.7613900 12.1815980
55.7613810 12.1815890
55.7613790 12.1815790
55.7613830 12.1815740
55.7613830 12.1815710
55.7613750 12.1815680
55.7613640 12.1815640
55.7613520 12.1815600
55.7613420 12.1815580
55.7613310 12.1815550
55.7613200 12.1815540
55.7613080 12.1815590
55.7612970 12.1815610
55.7612880 12.1815600
55.7612770 12.1815550
55.7612670 12.1815430
55.7612610 12.1815220
55.7612570 12.1814840
55.7612580 12.1814700
55.7612590 12.1814550
55.7612670 12.1814240
55.7612700 12.1814100
55.7612740 12.1813960
55.7612800 12.1813740
55.7612880 12.1813530
55.7612940 12.1813340
55.7612970 12.1813150
55.7613020 12.1812960
55.7613060 12.1812770
55.7613100 12.1812560
55.7613140 12.1812390
55.7613160 12.1812250
55.7613200 12.1812090
55.7613250 12.1811910
55.7613290 12.1811750
55.7613330 12.1811590
55.7613370 12.1811400
55.7613390 12.1811180
55.7613410 12.1810990
55.7613430 12.1810820
55.7613470 12.1810670
55.7613520 12.1810520
55.7613540 12.1810330
55.7613570 12.1810140
55.7613640 12.1809990
55.7613700 12.1809860
55.7613760 12.1809710
55.7613840 12.1809550
55.7613910 12.1809430
55.7613980 12.1809340
55.7614060 12.1809210
55.7614140 12.1809050
55.7614220 12.1808900
55.7614290 12.1808770
55.7614340 12.1808650
55.7614390 12.1808530
55.7614450 12.1808410
55.7614490 12.1808330
55.7614530 12.1808190
55.7614570 12.1808050
55.7614620 12.1807890
55.7614680 12.1807710
55.7614740 12.1807530
55.7614800 12.1807360
55.7614880 12.1807210
55.7614950 12.1807060
55.7615030 12.1806910
55.7615100 12.1806750
55.7615170 12.1806590
55.7615220 12.1806470
55.7615260 12.1806310
55.7615290 12.1806180
55.7615310 12.1806010
55.7615310 12.1805850
55.7615280 12.1805700
55.7615240 12.1805560
55.7615170 12.1805420
55.7615110 12.1805280
55.7615040 12.1805130
55.7614980 12.1804960
55.7614900 12.1804820
55.7614820 12.1804690
55.7614750 12.1804590
55.7614670 12.1804460
55.7614600 12.1804360
55.7614530 12.1804230
55.7614460 12.1804130
55.7614390 12.1804020
55.7614320 12.1803900
55.7614260 12.1803770
55.7614180 12.1803680
55.7614100 12.1803580
55.7614030 12.1803460
55.7613960 12.1803340
55.7613890 12.1803210
55.7613810 12.1803040
55.7613740 12.1802890
55.7613690 12.1802750
55.7613630 12.1802600
55.7613570 12.1802450
55.7613480 12.1802270
55.7613420 12.1802100
55.7613350 12.1801950
55.7613290 12.1801790
55.7613220 12.1801620
55.7613140 12.1801460
55.7613080 12.1801310
55.7613020 12.1801170
55.7613000 12.1800960
55.7612990 12.1800800
55.7612980 12.1800630
55.7612960 12.1800450
55.7612940 12.1800260
55.7612930 12.1800060
55.7612910 12.1799900
55.7612890 12.1799740
55.7612870 12.1799570
55.7612840 12.1799400
55.7612810 12.1799240
55.7612780 12.1799060
55.7612760 12.1798880
55.7612730 12.1798720
55.7612700 12.1798550
55.7612650 12.1798390
55.7612610 12.1798240
55.7612560 12.1798090
55.7612510 12.1797930
55.7612470 12.1797770
55.7612440 12.1797610
55.7612380 12.1797450
55.7612340 12.1797280
55.7612300 12.1797100
55.7612270 12.1796910
55.7612240 12.1796730
55.7612200 12.1796530
55.7612170 12.1796340
55.7612140 12.1796180
55.7612090 12.1796030
55.7612040 12.1795850
55.7612000 12.1795650
55.7611990 12.1795510
55.7611960 12.1795360
55.7611920 12.1795210
55.7611880 12.1795060
55.7611840 12.1794920
55.7611800 12.1794780
55.7611740 12.1794620
55.7611710 12.1794480
55.7611660 12.1794320
55.7611620 12.1794160
55.7611590 12.1793910
55.7611520 12.1793660
55.7611460 12.1793570
55.7611420 12.1793410
55.7611390 12.1793230
55.7611350 12.1793060
55.7611320 12.1792870
55.7611290 12.1792670
55.7611280 12.1792480
55.7611290 12.1792270
55.7611320 12.1792070
55.7611330 12.1791870
55.7611360 12.1791710
55.7611360 12.1791540
55.7611390 12.1791320
55.7611400 12.1791150
55.7611400 12.1790990
55.7611390 12.1790820
55.7611390 12.1790660
55.7611350 12.1790480
55.7611340 12.1790320
55.7611310 12.1790120
55.7611300 12.1789970
55.7611280 12.1789800
55.7611250 12.1789630
55.7611230 12.1789480
55.7611210 12.1789340
55.7611190 12.1789200
55.7611190 12.1789040
55.7611210 12.1788900
55.7611210 12.1788750
55.7611180 12.1788580
55.7611170 12.1788400
55.7611150 12.1788200
55.7611150 12.1788000
55.7611160 12.1787810
55.7611140 12.1787610
55.7611130 12.1787440
55.7611140 12.1787270
55.7611160 12.1787090
55.7611190 12.1786910
55.7611210 12.1786730
55.7611250 12.1786570
55.7611280 12.1786410
55.7611300 12.1786220
55.7611350 12.1785940
55.7611380 12.1785830
55.7611400 12.1785710
55.7611420 12.1785600
55.7611450 12.1785400
55.7611450 12.1785250
55.7611430 12.1785200
55.7611420 12.1785190
55.7611420 12.1785170
55.7611400 12.1785110
55.7611280 12.1785060
55.7611200 12.1785090
55.7611120 12.1785130
55.7611040 12.1785160
55.7610960 12.1785200
55.7610790 12.1785620
55.7610610 12.1786030
55.7610560 12.1786140
55.7610500 12.1786330
55.7610420 12.1786440
55.7610340 12.1786460
55.7610230 12.1786530
55.7610140 12.1786510
55.7610010 12.1786470
55.7609790 12.1786440
55.7609700 12.1786430
55.7609620 12.1786430
55.7609560 12.1786460
55.7609470 12.1786460
55.7609390 12.1786450
55.7609290 12.1786440
55.7609180 12.1786430
55.7609070 12.1786410
55.7608960 12.1786390
55.7608860 12.1786340
55.7608760 12.1786250
55.7608660 12.1786220
55.7608540 12.1786170
55.7608440 12.1786110
55.7608330 12.1786090
55.7608120 12.1786180
55.7608030 12.1786260
55.7607940 12.1786340
55.7607790 12.1786330
55.7607720 12.1786290
55.7607650 12.1786240
55.7607580 12.1786200
55.7607480 12.1786110
55.7607380 12.1786060
55.7607270 12.1786040
55.7607160 12.1786040
55.7607060 12.1786100
55.7606960 12.1786190
55.7606880 12.1786290
55.7606850 12.1786380
55.7606830 12.1786450
55.7606840 12.1786540
55.7606860 12.1786670
55.7606890 12.1786840
55.7606930 12.1787020
55.7606990 12.1787180
55.7607050 12.1787340
55.7607130 12.1787490
55.7607190 12.1787690
55.7607230 12.1787870
55.7607260 12.1788060
55.7607290 12.1788260
55.7607320 12.1788610
55.7607320 12.1788770
55.7607320 12.1788920
55.7607320 12.1789080
55.7607320 12.1789260
55.7607310 12.1789450
55.7607300 12.1789630
55.7607280 12.1789830
55.7607230 12.1790040
55.7607200 12.1790380
55.7607200 12.1790540
55.7607190 12.1790690
55.7607160 12.1791050
55.7607140 12.1791210
55.7607120 12.1791360
55.7607080 12.1791610
55.7607040 12.1791850
55.7606980 12.1792210
55.7606930 12.1792360
55.7606880 12.1792520
55.7606880 12.1792720
55.7606880 12.1792930
55.7606880 12.1793140
55.7606870 12.1793340
55.7606840 12.1793530
55.7606830 12.1793710
55.7606820 12.1793900
55.7606820 12.1794080
55.7606800 12.1794270
55.7606790 12.1794440
55.7606770 12.1794630
55.7606760 12.1794810
55.7606750 12.1795010
55.7606730 12.1795190
55.7606720 12.1795340
55.7606700 12.1795520
55.7606680 12.1795700
55.7606640 12.1795890
55.7606620 12.1796050
55.7606590 12.1796240
55.7606590 12.1796450
55.7606560 12.1796670
55.7606530 12.1796850
55.7606500 12.1797060
55.7606510 12.1797270
55.7606520 12.1797470
55.7606520 12.1797650
55.7606500 12.1797840
55.7606490 12.1798020
55.7606490 12.1798200
55.7606480 12.1798370
55.7606540 12.1798510
55.7606550 12.1798680
55.7606550 12.1798860
55.7606560 12.1799050
55.7606570 12.1799230
55.7606550 12.1799440
55.7606540 12.1799650
55.7606520 12.1799840
55.7606510 12.1800040
55.7606500 12.1800250
55.7606470 12.1800450
55.7606450 12.1800640
55.7606430 12.1800820
55.7606430 12.1801000
55.7606420 12.1801180
55.7606370 12.1801370
55.7606330 12.1801550
55.7606320 12.1801710
55.7606310 12.1801920
55.7606310 12.1802110
55.7606270 12.1802260
55.7606220 12.1802420
55.7606200 12.1802630
55.7606190 12.1802830
55.7606190 12.1803010
55.7606170 12.1803210
55.7606140 12.1803410
55.7606130 12.1803600
55.7606130 12.1803790
55.7606130 12.1803980
55.7606120 12.1804190
55.7606120 12.1804380
55.7606110 12.1804590
55.7606110 12.1804800
55.7606120 12.1805000
55.7606120 12.1805190
55.7606110 12.1805360
55.7606100 12.1805540
55.7606100 12.1805710
55.7606110 12.1805900
55.7606110 12.1806100
55.7606090 12.1806310
55.7606080 12.1806490
55.7606060 12.1806690
55.7606040 12.1806890
55.7606020 12.1807090
55.7605980 12.1807270
55.7605950 12.1807450
55.7605940 12.1807640
55.7605920 12.1807820
55.7605910 12.1808000
55.7605900 12.1808160
55.7605890 12.1808350
55.7605870 12.1808550
55.7605860 12.1808740
55.7605840 12.1808920
55.7605820 12.1809120
55.7605800 12.1809310
55.7605800 12.1809510
55.7605820 12.1809700
55.7605830 12.1809900
55.7605840 12.1810080
55.7605850 12.1810230
55.7605870 12.1810370
55.7605940 12.1810550
55.7605990 12.1810720
55.7606070 12.1810840
55.7606160 12.1810970
55.7606240 12.1811100
55.7606320 12.1811220
55.7606410 12.1811270
55.7606490 12.1811310
55.7606570 12.1811390
55.7606620 12.1811500
55.7606650 12.1811570
55.7606650 12.1811570
55.7606640 12.1811560
55.7606620 12.1811540
55.7606600 12.1811520
55.7606580 12.1811510
55.7606570 12.1811500
55.7606570 12.1811500
55.7606570 12.1811500
55.7606560 12.1811480
55.7606550 12.1811460
55.7606550 12.1811440
55.7606550 12.1811440
55.7606560 12.1811470
55.7606610 12.1811510
55.7606720 12.1811470
55.7606840 12.1811500
55.7606960 12.1811470
55.7607170 12.1811540
55.7607260 12.1811600
55.7607350 12.1811650
55.7607550 12.1811700
55.7607640 12.1811700
55.7607720 12.1811690
55.7607860 12.1811780
55.7607980 12.1811860
55.7608160 12.1812070
55.7608230 12.1812140
55.7608310 12.1812220
55.7608430 12.1812340
55.7608530 12.1812420
55.7608620 12.1812510
55.7608720 12.1812580
55.7608840 12.1812660
55.7608950 12.1812690
55.7609100 12.1812750
55.7609170 12.1812790
55.7609240 12.1812830
55.7609310 12.1812870
55.7609390 12.1812930
55.7609470 12.1813010
55.7609570 12.1813070
55.7609690 12.1813180
55.7609790 12.1813290
55.7609880 12.1813340
55.7609970 12.1813380
55.7610080 12.1813450
55.7610160 12.1813550
55.7610240 12.1813630
55.7610320 12.1813680
55.7610390 12.1813740
55.7610460 12.1813850
55.7610660 12.1814040
55.7610740 12.1814100
55.7610810 12.1814160
55.7610910 12.1814240
55.7611020 12.1814330
55.7611120 12.1814420
55.7611220 12.1814480
55.7611330 12.1814550
55.7611450 12.1814640
55.7611550 12.1814770
55.7611660 12.1814860
55.7611770 12.1814920
55.7611960 12.1815040
55.7612040 12.1815100
55.7612130 12.1815150
55.7612240 12.1815230
55.7612340 12.1815240
55.7612440 12.1815240
55.7612540 12.1815260
55.7612650 12.1815290
55.7612740 12.1815330
55.7612840 12.1815360
55.7612940 12.1815410
55.7613040 12.1815480
55.7613140 12.1815550
55.7613220 12.1815640
55.7613320 12.1815730
55.7613420 12.1815800
55.7613530 12.1815900
55.7613630 12.1815980
55.7613710 12.1816060
55.7613790 12.1816130
55.7613880 12.1816180
55.7613990 12.1816260
55.7614050 12.1816340
55.7614110 12.1816430
55.7614170 12.1816500
55.7614240 12.1816530
55.7614320 12.1816560
55.7614410 12.1816590
55.7614500 12.1816640
55.7614610 12.1816630
55.7614710 12.1816600
55.7614820 12.1816700
55.7614950 12.1816790
55.7615030 12.1816840
55.7615100 12.1816880
55.7615180 12.1816930
55.7615280 12.1816970
55.7615370 12.1817000
55.7615470 12.1817060
55.7615580 12.1817140
55.7615680 12.1817190
55.7615770 12.1817230
55.7615860 12.1817270
55.7615950 12.1817300
55.7616050 12.1817330
55.7616170 12.1817340
55.7616280 12.1817370
55.7616390 12.1817410
55.7616520 12.1817600
55.7616570 12.1817670
55.7616630 12.1817750
55.7616680 12.1817820
55.7616790 12.1817920
55.7616930 12.1818060
55.7617020 12.1818170
55.7617160 12.1818290
55.7617260 12.1818370
55.7617360 12.1818450
55.7617450 12.1818490
55.7617550 12.1818530
55.7617660 12.1818590
55.7617780 12.1818640
55.7617900 12.1818690
55.7618010 12.1818770
55.7618110 12.1818830
55.7618220 12.1818890
55.7618340 12.1818960
55.7618460 12.1818990
55.7618560 12.1819050
55.7618660 12.1819120
55.7618770 12.1819250
55.7618880 12.1819360
55.7618970 12.1819450
55.7619070 12.1819530
55.7619170 12.1819620
55.7619280 12.1819720
55.7619370 12.1819820
55.7619460 12.1819840
55.7619570 12.1819870
55.7619680 12.1819910
55.7619820 12.1820020
55.7619840 12.1820050
55.7619890 12.1820100
55.7619990 12.1820200
55.7620100 12.1820280
55.7620210 12.1820330
55.7620330 12.1820380
55.7620440 12.1820440
55.7620560 12.1820510
55.7620660 12.1820560
55.7620760 12.1820600
55.7620850 12.1820630
55.7620940 12.1820670
55.7621040 12.1820710
55.7621120 12.1820740
55.7621160 12.1820710
55.7621210 12.1820590
55.7621200 12.1820560
55.7621240 12.1820440
55.7621280 12.1820350
55.7621350 12.1820230
55.7621390 12.1820080
55.7621430 12.1819950
55.7621500 12.1819880
55.7621570 12.1819770
55.7621660 12.1819610
55.7621740 12.1819460
55.7621830 12.1819330
55.7621910 12.1819210
55.7621970 12.1819070
55.7622040 12.1818920
55.7622130 12.1818780
55.7622300 12.1818560
55.7622370 12.1818470
55.7622430 12.1818390
55.7622500 12.1818250
55.7622570 12.1818080
55.7622650 12.1817920
55.7622730 12.1817780
55.7622800 12.1817660
55.7622850 12.1817540
55.7622910 12.1817410
55.7622960 12.1817270
55.7623020 12.1817070
55.7623090 12.1816930
55.7623130 12.1816810
55.7623190 12.1816660
55.7623260 12.1816500
55.7623320 12.1816340
55.7623380 12.1816180
55.7623440 12.1816010
55.7623500 12.1815870
55.7623590 12.1815690
55.7623660 12.1815530
55.7623730 12.1815400
55.7623800 12.1815280
55.7623900 12.1815200
55.7624030 12.1815230
55.7624140 12.1815310
55.7624290 12.1815470
55.7624420 12.1815620
55.7624580 12.1815870
55.7624640 12.1815970
55.7624700 12.1816080
55.7624860 12.1816340
55.7624920 12.1816440
55.7624990 12.1816550
55.7625080 12.1816700
55.7625170 12.1816840
55.7625270 12.1816960
55.7625370 12.1817110
55.7625440 12.1817250
55.7625510 12.1817380
55.7625580 12.1817520
55.7625670 12.1817660
55.7625760 12.1817780
55.7625830 12.1817910
55.7625910 12.1818040
55.7626010 12.1818140
55.7626100 12.1818210
55.7626180 12.1818310
55.7626280 12.1818390
55.7626370 12.1818470
55.7626470 12.1818550
55.7626570 12.1818630
55.7626740 12.1818820
55.7626820 12.1818890
55.7626890 12.1818960
55.7627060 12.1819130
55.7627130 12.1819220
55.7627200 12.1819320
55.7627290 12.1819440
55.7627380 12.1819530
55.7627480 12.1819690
55.7627560 12.1819830
55.7627660 12.1819950
55.7627750 12.1820050
55.7627820 12.1820130
55.7627900 12.1820200
55.7627990 12.1820230
55.7628080 12.1820290
55.7628140 12.1820410
55.7628220 12.1820550
55.7628320 12.1820610
55.7628390 12.1820740
55.7628450 12.1820930
55.7628510 12.1821120
55.7628560 12.1821300
55.7628620 12.1821480
55.7628670 12.1821680
55.7628720 12.1821850
55.7628780 12.1822010
55.7628840 12.1822180
55.7628890 12.1822360
55.7628940 12.1822560
55.7628990 12.1822720
55.7629050 12.1822880
55.7629120 12.1823040
55.7629200 12.1823180
55.7629300 12.1823300
55.7629370 12.1823380
55.7629430 12.1823550
55.7629470 12.1823800
55.7629490 12.1824060
55.7629520 12.1824230
55.7629560 12.1824430
55.7629620 12.1824640
55.7629640 12.1824760
55.7629680 12.1824930
55.7629730 12.1825120
55.7629780 12.1825280
55.7629830 12.1825450
55.7629870 12.1825640
55.7629890 12.1825790
55.7629910 12.1825940
55.7629930 12.1826070
55.7629940 12.1826130
55.7629950 12.1826220
55.7629970 12.1826310
55.7629950 12.1826380
55.7629940 12.1826430
55.7629970 12.1826440
55.7629990 12.1826410
55.7630000 12.1826410
55.7630040 12.1826380
55.7630090 12.1826370
55.7630210 12.1826380
55.7630320 12.1826420
55.7630420 12.1826500
55.7630490 12.1826590
55.7630520 12.1826940
55.7630540 12.1827190
55.7630530 12.1827570
55.7630530 12.1827830
55.7630460 12.1828130
55.7630450 12.1828350
55.7630410 12.1828550
55.7630400 12.1828760
55.7630350 12.1828940
55.7630290 12.1829120
55.7630240 12.1829320
55.7630210 12.1829530
55.7630170 12.1829730
55.7630120 12.1829870
55.7630140 12.1830050
55.7630060 12.1830280
55.7630020 12.1830460
55.7629980 12.1830630
55.7629910 12.1830790
55.7629840 12.1830930
55.7629780 12.1831050
55.7629730 12.1831170
55.7629680 12.1831300
55.7629570 12.1831310
55.7629500 12.1831430
55.7629460 12.1831560
55.7629430 12.1831740
55.7629410 12.1831910
55.7629370 12.1832080
55.7629320 12.1832240
55.7629260 12.1832420
55.7629210 12.1832600
55.7629150 12.1832750
55.7629090 12.1832900
55.7629030 12.1833050
55.7628960 12.1833200
55.7628890 12.1833320
55.7628820 12.1833430
55.7628740 12.1833440
55.7628670 12.1833360
55.7628630 12.1833290
55.7628610 12.1833250
55.7628630 12.1833250
55.7628650 12.1833270
55.7628670 12.1833320
55.7628640 12.1833470
55.7628570 12.1833600
55.7628510 12.1833720
55.7628380 12.1833920
55.7628290 12.1834040
55.7628150 12.1834350
55.7628090 12.1834470
55.7628040 12.1834590
55.7627940 12.1834920
55.7627900 12.1835060
55.7627860 12.1835200
55.7627760 12.1835560
55.7627730 12.1835690
55.7627690 12.1835830
55.7627630 12.1836020
55.7627540 12.1836200
55.7627480 12.1836320
55.7627420 12.1836410
55.7627360 12.1836550
55.7627300 12.1836700
55.7627230 12.1836850
55.7627180 12.1837020
55.7627130 12.1837180
55.7627050 12.1837370
55.7626970 12.1837520
55.7626880 12.1837630
55.7626810 12.1837790
55.7626740 12.1837980
55.7626680 12.1838140
55.7626600 12.1838320
55.7626540 12.1838450
55.7626470 12.1838630
55.7626430 12.1838800
55.7626390 12.1838960
55.7626350 12.1839140
55.7626310 12.1839360
55.7626280 12.1839540
55.7626240 12.1839690
55.7626180 12.1839840
55.7626140 12.1840000
55.7626090 12.1840140
55.7626030 12.1840290
55.7625960 12.1840440
55.7625880 12.1840580
55.7625790 12.1840700
55.7625690 12.1840800
55.7625610 12.1840910
55.7625560 12.1841070
55.7625490 12.1841240
55.7625410 12.1841420
55.7625340 12.1841570
55.7625270 12.1841720
55.7625200 12.1841890
55.7625130 12.1842030
55.7625060 12.1842170
55.7625010 12.1842320
55.7624960 12.1842470
55.7624910 12.1842620
55.7624860 12.1842770
55.7624810 12.1842930
55.7624770 12.1843100
55.7624720 12.1843270
55.7624660 12.1843410
55.7624590 12.1843510
55.7624520 12.1843630
55.7624470 12.1843770
55.7624400 12.1843940
55.7624340 12.1844150
55.7624290 12.1844350
55.7624240 12.1844510
55.7624150 12.1844650
55.7624090 12.1844800
55.7624030 12.1844970
55.7623970 12.1845130
55.7623900 12.1845270
55.7623830 12.1845330
55.7623770 12.1845370
55.7623710 12.1845490
55.7623620 12.1845580
55.7623530 12.1845710
55.7623470 12.1845830
55.7623400 12.1845970
55.7623320 12.1846130
55.7623290 12.1846280
55.7623210 12.1846520
55.7623180 12.1846640
55.7623140 12.1846750
55.7623100 12.1846860
55.7623040 12.1846970
55.7622970 12.1846950
55.7622930 12.1846850
55.7622900 12.1846820
55.7622880 12.1846920
55.7622860 12.1847090
55.7622810 12.1847280
55.7622790 12.1847460
55.7622800 12.1847500
55.7622760 12.1847670
55.7622670 12.1847990
55.7622630 12.1848120
55.7622600 12.1848250
55.7622470 12.1848550
55.7622420 12.1848690
55.7622380 12.1848820
55.7622320 12.1848960
55.7622230 12.1849100
55.7622140 12.1849250
55.7622020 12.1849570
55.7621960 12.1849660
55.7621900 12.1849750
55.7621810 12.1849890
55.7621720 12.1850010
55.7621640 12.1850190
55.7621510 12.1850470
55.7621460 12.1850580
55.7621410 12.1850690
55.7621360 12.1850840
55.7621300 12.1850970
55.7621230 12.1851080
55.7621160 12.1851230
55.7621080 12.1851410
55.7621010 12.1851590
55.7620950 12.1851750
55.7620890 12.1851890
55.7620820 12.1852040
55.7620750 12.1852190
55.7620680 12.1852350
55.7620620 12.1852490
55.7620550 12.1852620
55.7620480 12.1852770
55.7620410 12.1852940
55.7620340 12.1853110
55.7620260 12.1853220
55.7620180 12.1853360
55.7620080 12.1853510
55.7619990 12.1853650
55.7619950 12.1853790
55.7619900 12.1853950
55.7619820 12.1854140
55.7619750 12.1854300
55.7619600 12.1854560
55.7619530 12.1854660
55.7619470 12.1854750
55.7619380 12.1854900
55.7619290 12.1855050
55.7619220 12.1855190
55.7619200 12.1855360
55.7619150 12.1855510
55.7619120 12.1855660
55.7619090 12.1855820
55.7619060 12.1855970
55.7619040 12.1856120
55.7619020 12.1856260
55.7619000 12.1856440
55.7618960 12.1856620
55.7618880 12.1856690
55.7618820 12.1856780
55.7618760 12.1856960
55.7618720 12.1857110
55.7618650 12.1857250
55.7618530 12.1857400
55.7618440 12.1857510
55.7618380 12.1857640
55.7618300 12.1857780
55.7618210 12.1857940
55.7618120 12.1858140
55.7617970 12.1858420
55.7617910 12.1858560
55.7617860 12.1858690
55.7617770 12.1858910
55.7617660 12.1859060
55.7617540 12.1859260
55.7617500 12.1859350
55.7617450 12.1859440
55.7617400 12.1859530
55.7617300 12.1859840
55.7617280 12.1859990
55.7617260 12.1860150
55.7617260 12.1860450
55.7617190 12.1860650
55.7617110 12.1860830
55.7617030 12.1861000
55.7617010 12.1861180
55.7616960 12.1861380
55.7616870 12.1861430
55.7616770 12.1861420
55.7616660 12.1861600
55.7616620 12.1861730
55.7616570 12.1861860
55.7616530 12.1861990
55.7616440 12.1862140
55.7616370 12.1862280
55.7616300 12.1862420
55.7616220 12.1862550
55.7616130 12.1862670
55.7616050 12.1862800
55.7616020 12.1862970
55.7615980 12.1863120
55.7615940 12.1863310
55.7615910 12.1863520
55.7615850 12.1863690
55.7615800 12.1863860
55.7615720 12.1864180
55.7615680 12.1864310
55.7615650 12.1864450
55.7615590 12.1864620
55.7615550 12.1864810
55.7615500 12.1865010
55.7615440 12.1865200
55.7615390 12.1865380
55.7615330 12.1865550
55.7615260 12.1865710
55.7615170 12.1865810
55.7615070 12.1865920
55.7614980 12.1866000
55.7614910 12.1866150
55.7614850 12.1866340
55.7614740 12.1866660
55.7614700 12.1866780
55.7614660 12.1866910
55.7614610 12.1867100
55.7614550 12.1867280
55.7614470 12.1867470
55.7614350 12.1867600
55.7614220 12.1867730
55.7614120 12.1867810
55.7614070 12.1867970
55.7613990 12.1868150
55.7613920 12.1868360
55.7613830 12.1868550
55.7613750 12.1868710
55.7613690 12.1868860
55.7613640 12.1869040
55.7613570 12.1869250
55.7613480 12.1869440
55.7613390 12.1869570
55.7613320 12.1869700
55.7613220 12.1869810
55.7613110 12.1869930
55.7613000 12.1870020
55.7612920 12.1870060
55.7612890 12.1870210
55.7612830 12.1870340
55.7612760 12.1870460
55.7612690 12.1870620
55.7612610 12.1870760
55.7612540 12.1870880
55.7612440 12.1871230
55.7612380 12.1871380
55.7612330 12.1871530
55.7612290 12.1871670
55.7612220 12.1871790
55.7612150 12.1871920
55.7612090 12.1872090
55.7612020 12.1872230
55.7611970 12.1872400
55.7611900 12.1872580
55.7611830 12.1872740
55.7611760 12.1872900
55.7611660 12.1873030
55.7611580 12.1873170
55.7611520 12.1873320
55.7611450 12.1873470
55.7611390 12.1873630
55.7611320 12.1873810
55.7611320 12.1873990
55.7611210 12.1874120
55.7611140 12.1874320
55.7611090 12.1874470
55.7610970 12.1874700
55.7610930 12.1874760
55.7610840 12.1874940
55.7610790 12.1875090
55.7610730 12.1875250
55.7610660 12.1875370
55.7610590 12.1875510
55.7610520 12.1875670
55.7610440 12.1875820
55.7610350 12.1875940
55.7610250 12.1876040
55.7610150 12.1876100
55.7610030 12.1876100
55.7609920 12.1876080
55.7609800 12.1876040
55.7609730 12.1875990
55.7609620 12.1875830
55.7609510 12.1875650
55.7609420 12.1875490
55.7609310 12.1875370
55.7609200 12.1875280
55.7609100 12.1875190
55.7608910 12.1875010
55.7608840 12.1874940
55.7608760 12.1874880
55.7608550 12.1874760
55.7608450 12.1874700
55.7608350 12.1874640
55.7608200 12.1874550
55.7608080 12.1874460
55.7607890 12.1874280
55.7607820 12.1874210
55.7607750 12.1874150
55.7607570 12.1874000
55.7607490 12.1873940
55.7607420 12.1873880
55.7607400 12.1873860
55.7607370 12.1873850
55.7607240 12.1873770
55.7607150 12.1873760
55.7607080 12.1873750
55.7606990 12.1873680
55.7606870 12.1873620
55.7606680 12.1873450
55.7606610 12.1873390
55.7606540 12.1873320
55.7606350 12.1873190
55.7606280 12.1873130
55.7606200 12.1873060
55.7605990 12.1872890
55.7605910 12.1872810
55.7605820 12.1872740
55.7605630 12.1872610
55.7605560 12.1872570
55.7605480 12.1872520
55.7605370 12.1872480
55.7605240 12.1872420
55.7605150 12.1872360
55.7605040 12.1872310
55.7604950 12.1872280
55.7604850 12.1872280
55.7604640 12.1872280
55.7604550 12.1872270
55.7604470 12.1872260
55.7604350 12.1872100
55.7604240 12.1871980
55.7604140 12.1871870
55.7604100 12.1871670
55.7604080 12.1871550
55.7603910 12.1871460
55.7603830 12.1871390
55.7603740 12.1871320
55.7603590 12.1871280
55.7603520 12.1871250
55.7603440 12.1871230
55.7603370 12.1871200
55.7603230 12.1871140
55.7603130 12.1870980
55.7603070 12.1870810
55.7603010 12.1870710
55.7602920 12.1870590
55.7602820 12.1870460
55.7602700 12.1870280
55.7602590 12.1870130
55.7602490 12.1870050
55.7602440 12.1869970
55.7602370 12.1869850
55.7602250 12.1869740
55.7602150 12.1869650
55.7602080 12.1869590
55.7601970 12.1869510
55.7601840 12.1869470
55.7601750 12.1869370
55.7601670 12.1869270
55.7601590 12.1869210
55.7601510 12.1869180
55.7601390 12.1869130
55.7601260 12.1869050
55.7601110 12.1868850
55.7601020 12.1868730
55.7600940 12.1868620
55.7600850 12.1868540
55.7600760 12.1868450
55.7600540 12.1868360
55.7600460 12.1868320
55.7600380 12.1868290
55.7600310 12.1868250
55.7600200 12.1868110
55.7600090 12.1868080
55.7599990 12.1868010
55.7599890 12.1867950
55.7599770 12.1867870
55.7599660 12.1867750
55.7599540 12.1867590
55.7599440 12.1867450
55.7599320 12.1867280
55.7599190 12.1867120
55.7599070 12.1866980
55.7598980 12.1867210
55.7598930 12.1867200
55.7598860 12.1867180
55.7598730 12.1867080
55.7598570 12.1866980
55.7598430 12.1866930
55.7598300 12.1866820
55.7598190 12.1866690
55.7598080 12.1866570
55.7597950 12.1866480
55.7597820 12.1866330
55.7597700 12.1866200
55.7597570 12.1866120
55.7597480 12.1865940
55.7597530 12.1865820
55.7597620 12.1865930
55.7597680 12.1866010
55.7597690 12.1866070
55.7597680 12.1866100
55.7597660 12.1866130
55.7597640 12.1866160
55.7597630 12.1866160
55.7597610 12.1866190
55.7597580 12.1866230
55.7597570 12.1866230
55.7597560 12.1866230
55.7597540 12.1866210
55.7597530 12.1866190
55.7597490 12.1866170
55.7597360 12.1866080
55.7597220 12.1865990
55.7597110 12.1865900
55.7597090 12.1865900
55.7597070 12.1865890
55.7597060 12.1865880
55.7597040 12.1865880
55.7597020 12.1865870
55.7597000 12.1865870
55.7596980 12.1865860
55.7596960 12.1865850
55.7596940 12.1865850
55.7596920 12.1865840
55.7596910 12.1865830
55.7596890 12.1865830
55.7596870 12.1865820
55.7596850 12.1865820
55.7596830 12.1865810
55.7596540 12.1865850
55.7596450 12.1865850
55.7596240 12.1865650
55.7596160 12.1865570
55.7596080 12.1865490
55.7596110 12.1865350
55.7596080 12.1865230
55.7596030 12.1865180
55.7595910 12.1865090
55.7595760 12.1865010
55.7595620 12.1864940
55.7595510 12.1864590
55.7595480 12.1864450
55.7595450 12.1864320
55.7595360 12.1863990
55.7595320 12.1863870
55.7595290 12.1863740
55.7595310 12.1863470
55.7595320 12.1863240
55.7595290 12.1862880
55.7595270 12.1862740
55.7595260 12.1862600
55.7595190 12.1862420
55.7595130 12.1862260
55.7595060 12.1862090
55.7595040 12.1861900
55.7595020 12.1861730
55.7595020 12.1861530
55.7595010 12.1861310
55.7595010 12.1861100
55.7595020 12.1860920
55.7595000 12.1860770
55.7594950 12.1860450
55.7594920 12.1860200
55.7594920 12.1860020
55.7594870 12.1859890
55.7594800 12.1859760
55.7594710 12.1859640
55.7594630 12.1859530
55.7594450 12.1859500
55.7594300 12.1859480
55.7594210 12.1859460
55.7594050 12.1859550
55.7593960 12.1859600
55.7593840 12.1859630
55.7593730 12.1859550
55.7593620 12.1859430
55.7593450 12.1859200
55.7593370 12.1859110
55.7593300 12.1859030
55.7593230 12.1858910
55.7593150 12.1858790
55.7593060 12.1858700
55.7592970 12.1858650
55.7592860 12.1858610
55.7592770 12.1858580
55.7592660 12.1858530
55.7592530 12.1858420
55.7592470 12.1858350
55.7592270 12.1858120
55.7592190 12.1858040
55.7592110 12.1857950
55.7591980 12.1857790
55.7591880 12.1857620
55.7591740 12.1857360
55.7591670 12.1857260
55.7591610 12.1857150
55.7591470 12.1856870
55.7591420 12.1856760
55.7591370 12.1856650
55.7591290 12.1856530
55.7591200 12.1856420
55.7591110 12.1856320
55.7591030 12.1856240
55.7590930 12.1856090
55.7590840 12.1855960
55.7590870 12.1855810
55.7590880 12.1855650
55.7590790 12.1855610
55.7590600 12.1855590
55.7590390 12.1855530
55.7590310 12.1855490
55.7590240 12.1855440
55.7590040 12.1855300
55.7589950 12.1855250
55.7589870 12.1855210
55.7589790 12.1854970
55.7589700 12.1854740
55.7589600 12.1854580
55.7589470 12.1854420
55.7589370 12.1854270
55.7589340 12.1853980
55.7589290 12.1853740
55.7589220 12.1853530
55.7589290 12.1853370
55.7589250 12.1853240
55.7589200 12.1853120
55.7589160 12.1852990
55.7589120 12.1852870
55.7589030 12.1852530
55.7589000 12.1852380
55.7588960 12.1852240
55.7588900 12.1852030
55.7588860 12.1851870
55.7588820 12.1851730
55.7588780 12.1851580
55.7588730 12.1851410
55.7588690 12.1851180
55.7588710 12.1850970
55.7588710 12.1850720
55.7588680 12.1850550
55.7588600 12.1850210
55.7588570 12.1850080
55.7588540 12.1849950
55.7588510 12.1849760
55.7588490 12.1849560
55.7588460 12.1849350
55.7588440 12.1849180
55.7588440 12.1848990
55.7588450 12.1848810
55.7588440 12.1848630
55.7588440 12.1848430
55.7588490 12.1848190
55.7588530 12.1847980
55.7588550 12.1847780
55.7588570 12.1847570
55.7588600 12.1847340
55.7588650 12.1847210
55.7588690 12.1847010
55.7588730 12.1846810
55.7588760 12.1846600
55.7588790 12.1846400
55.7588830 12.1846200
55.7588870 12.1846020
55.7588930 12.1845840
55.7588980 12.1845680
55.7589060 12.1845410
55.7589140 12.1845190
55.7589210 12.1845000
55.7589270 12.1844680
55.7589310 12.1844540
55.7589340 12.1844400
55.7589420 12.1844190
55.7589470 12.1844090
55.7589450 12.1843940
55.7589440 12.1843780
55.7589450 12.1843620
55.7589480 12.1843450
55.7589500 12.1843300
55.7589560 12.1843100
55.7589610 12.1842920
55.7589660 12.1842740
55.7589710 12.1842560
55.7589780 12.1842360
55.7589840 12.1842140
55.7589850 12.1842030
55.7589900 12.1841860
55.7589980 12.1841520
55.7590010 12.1841380
55.7590050 12.1841240
55.7590080 12.1841010
55.7590110 12.1840870
55.7590130 12.1840730
55.7590160 12.1840590
55.7590210 12.1840400
55.7590270 12.1840240
55.7590320 12.1840060
55.7590370 12.1839900
55.7590420 12.1839730
55.7590470 12.1839550
55.7590560 12.1839210
55.7590600 12.1839060
55.7590630 12.1838920
55.7590690 12.1838710
55.7590720 12.1838620
55.7590770 12.1838420
55.7590800 12.1838240
55.7590820 12.1838020
55.7590860 12.1837810
55.7590910 12.1837510
55.7590930 12.1837340
55.7590960 12.1837170
55.7591040 12.1837010
55.7591090 12.1836840
55.7591150 12.1836690
55.7591220 12.1836540
55.7591280 12.1836380
55.7591330 12.1836170
55.7591410 12.1835810
55.7591430 12.1835680
55.7591460 12.1835540
55.7591470 12.1835360
55.7591510 12.1835270
55.7591590 12.1835170
55.7591660 12.1835040
55.7591740 12.1834870
55.7591780 12.1834680
55.7591820 12.1834560
55.7591860 12.1834420
55.7591960 12.1834260
55.7592030 12.1834090
55.7592080 12.1833890
55.7592100 12.1833860
55.7592130 12.1833690
55.7592160 12.1833490
55.7592200 12.1833120
55.7592220 12.1832960
55.7592250 12.1832800
55.7592300 12.1832560
55.7592340 12.1832350
55.7592370 12.1832150
55.7592420 12.1831940
55.7592430 12.1831730
55.7592470 12.1831540
55.7592480 12.1831320
55.7592490 12.1831110
55.7592520 12.1830900
55.7592480 12.1830720
55.7592430 12.1830520
55.7592410 12.1830290
55.7592420 12.1830100
55.7592410 12.1829930
55.7592390 12.1829740
55.7592240 12.1829500
55.7592250 12.1829340
55.7592250 12.1829190
55.7592250 12.1829080
55.7592220 12.1828910
55.7592250 12.1828750
55.7592260 12.1828570
55.7592210 12.1828370
55.7592140 12.1828180
55.7592090 12.1827970
55.7592040 12.1827840
55.7591990 12.1827710
55.7591900 12.1827580
55.7591870 12.1827530
55.7591870 12.1827430
55.7591840 12.1827320
55.7591800 12.1827160
55.7591740 12.1826980
55.7591600 12.1826710
55.7591550 12.1826610
55.7591490 12.1826510
55.7591380 12.1826420
55.7591280 12.1826380
55.7591150 12.1826360
55.7591030 12.1826370
55.7590920 12.1826320
55.7590800 12.1826330
55.7590670 12.1826360
55.7590550 12.1826360
55.7590440 12.1826370
55.7590240 12.1826200
55.7590160 12.1826090
55.7590070 12.1825990
55.7589970 12.1825880
55.7589900 12.1825750
55.7589850 12.1825600
55.7589810 12.1825420
55.7589780 12.1825210
55.7589790 12.1824980
55.7589860 12.1824620
55.7589900 12.1824490
55.7589930 12.1824350
55.7589920 12.1824190
55.7589950 12.1823980
55.7590000 12.1823770
55.7590040 12.1823560
55.7590050 12.1823300
55.7590100 12.1823040
55.7590170 12.1822820
55.7590090 12.1822810
55.7590020 12.1822770
55.7589970 12.1822610
55.7589960 12.1822420
55.7589970 12.1822240
55.7589910 12.1822070
55.7589870 12.1821890
55.7589830 12.1821700
55.7589830 12.1821500
55.7589780 12.1821310
55.7589680 12.1821170
55.7589580 12.1821030
55.7589520 12.1820900
55.7589460 12.1820590
55.7589430 12.1820430
55.7589400 12.1820280
55.7589340 12.1820060
55.7589320 12.1819860
55.7589320 12.1819670
55.7589350 12.1819550
55.7589380 12.1819390
55.7589390 12.1819220
55.7589420 12.1819060
55.7589430 12.1818880
55.7589400 12.1818840
55.7589320 12.1818820
55.7589210 12.1818760
55.7589120 12.1818690
55.7589040 12.1818630
55.7588980 12.1818630
