55.7588930 12.1818460
55.7588960 12.1818650
55.7589090 12.1818580
55.7589170 12.1819010
55.7589230 12.1819240
55.7589310 12.1819370
55.7589380 12.1819510
55.7589450 12.1819640
55.7589500 12.1819490
55.7589560 12.1819870
55.7589520 12.1819560
55.7589520 12.1819440
55.7589510 12.1819390
55.7589510 12.1819360
55.7589510 12.1819370
55.7589510 12.1819390
55.7589510 12.1819400
55.7589510 12.1819420
55.7589510 12.1819420
55.7589520 12.1819420
55.7589520 12.1819420
55.7589540 12.1819410
55.7589540 12.1819420
55.7589540 12.1819420
55.7589550 12.1819420
55.7589550 12.1819420
55.7589570 12.1819390
55.7589610 12.1819400
55.7589620 12.1819400
55.7589640 12.1819400
55.7589650 12.1819410
55.7589660 12.1819400
55.7589650 12.1819410
55.7589650 12.1819400
55.7589660 12.1819420
55.7589660 12.1819440
55.7589670 12.1819470
55.7589670 12.1819500
55.7589650 12.1819530
55.7589660 12.1819610
55.7589640 12.1819740
55.7589670 12.1819960
55.7589680 12.1820070
55.7589690 12.1820310
55.7589700 12.1820430
55.7589730 12.1820700
55.7589730 12.1821060
55.7589700 12.1821580
55.7589600 12.1822150
55.7589580 12.1822260
55.7589550 12.1822430
55.7589540 12.1822640
55.7589540 12.1822790
55.7589540 12.1822980
55.7589520 12.1823170
55.7589500 12.1823310
55.7589430 12.1823620
55.7589380 12.1823770
55.7589330 12.1823920
55.7589290 12.1824190
55.7589270 12.1824250
55.7589260 12.1824320
55.7589250 12.1824380
55.7589240 12.1824450
55.7589220 12.1824510
55.7589210 12.1824580
55.7589310 12.1824890
55.7589340 12.1825010
55.7589340 12.1825220
55.7589360 12.1825410
55.7589390 12.1825550
55.7589420 12.1825590
55.7589430 12.1825640
55.7589440 12.1825680
55.7589450 12.1825730
55.7589490 12.1825930
55.7589510 12.1826150
55.7589550 12.1826580
55.7589570 12.1826720
55.7589600 12.1826870
55.7589600 12.1827170
55.7589580 12.1827260
55.7589550 12.1827450
55.7589530 12.1827640
55.7589490 12.1827860
55.7589450 12.1828060
55.7589400 12.1828420
55.7589380 12.1828560
55.7589360 12.1828710
55.7589290 12.1828970
55.7589220 12.1829180
55.7589120 12.1829560
55.7589090 12.1829680
55.7589050 12.1829800
55.7588990 12.1830220
55.7588960 12.1830340
55.7588940 12.1830460
55.7588900 12.1830640
55.7588890 12.1830760
55.7588880 12.1830950
55.7588830 12.1831230
55.7588810 12.1831360
55.7588780 12.1831480
55.7588750 12.1831610
55.7588630 12.1831850
55.7588530 12.1832120
55.7588440 12.1832340
55.7588390 12.1832530
55.7588340 12.1832760
55.7588310 12.1832990
55.7588250 12.1833320
55.7588210 12.1833460
55.7588180 12.1833600
55.7588120 12.1833850
55.7588070 12.1834080
55.7588000 12.1834430
55.7587970 12.1834600
55.7587950 12.1834760
55.7587840 12.1835260
55.7587800 12.1835430
55.7587760 12.1835670
55.7587740 12.1835850
55.7587730 12.1836050
55.7587720 12.1836210
55.7587710 12.1836350
55.7587670 12.1836500
55.7587640 12.1836680
55.7587610 12.1836920
55.7587570 12.1837190
55.7587510 12.1837460
55.7587470 12.1837680
55.7587430 12.1837890
55.7587400 12.1838090
55.7587360 12.1838290
55.7587280 12.1838650
55.7587250 12.1838790
55.7587220 12.1838930
55.7587160 12.1839280
55.7587140 12.1839420
55.7587120 12.1839570
55.7587060 12.1839820
55.7586950 12.1840040
55.7586750 12.1840410
55.7586700 12.1840500
55.7586680 12.1840840
55.7586680 12.1841010
55.7586690 12.1841170
55.7586640 12.1841510
55.7586590 12.1841650
55.7586550 12.1841780
55.7586460 12.1841900
55.7586410 12.1842030
55.7586370 12.1842200
55.7586370 12.1842480
55.7586320 12.1842700
55.7586240 12.1843060
55.7586220 12.1843200
55.7586190 12.1843340
55.7586160 12.1843550
55.7586140 12.1843670
55.7586160 12.1843910
55.7586150 12.1844290
55.7586150 12.1844450
55.7586150 12.1844600
55.7586140 12.1845020
55.7586150 12.1845230
55.7586150 12.1845430
55.7586150 12.1845700
55.7586120 12.1845920
55.7586090 12.1846140
55.7586060 12.1846350
55.7586020 12.1846530
55.7585950 12.1846900
55.7585920 12.1847040
55.7585890 12.1847170
55.7585830 12.1847320
55.7585750 12.1847460
55.7585690 12.1847600
55.7585650 12.1847800
55.7585620 12.1847980
55.7585590 12.1848130
55.7585570 12.1848310
55.7585530 12.1848510
55.7585520 12.1848680
55.7585500 12.1848910
55.7585480 12.1849080
55.7585470 12.1849290
55.7585440 12.1849480
55.7585430 12.1849590
55.7585410 12.1849760
55.7585370 12.1850120
55.7585340 12.1850270
55.7585320 12.1850420
55.7585260 12.1850770
55.7585220 12.1850920
55.7585190 12.1851060
55.7585160 12.1851270
55.7585130 12.1851480
55.7585070 12.1851560
55.7584990 12.1851720
55.7584960 12.1851940
55.7584980 12.1852040
55.7584980 12.1852120
55.7584960 12.1852250
55.7584950 12.1852560
55.7584950 12.1852760
55.7584950 12.1852990
55.7584950 12.1853190
55.7584960 12.1853390
55.7584970 12.1853590
55.7584990 12.1853780
55.7584950 12.1853910
55.7584910 12.1854100
55.7584880 12.1854390
55.7584860 12.1854640
55.7584870 12.1854740
55.7584870 12.1854840
55.7584880 12.1854940
55.7584880 12.1855040
55.7584920 12.1855270
55.7584980 12.1855500
55.7585040 12.1855700
55.7585100 12.1855880
55.7585170 12.1856020
55.7585260 12.1856170
55.7585310 12.1856360
55.7585370 12.1856540
55.7585480 12.1856790
55.7585520 12.1856890
55.7585560 12.1856970
55.7585600 12.1857110
55.7585660 12.1857240
55.7585740 12.1857360
55.7586020 12.1857510
55.7586100 12.1857560
55.7586370 12.1857700
55.7586460 12.1857760
55.7586660 12.1857930
55.7586730 12.1858000
55.7586800 12.1858060
55.7586970 12.1858140
55.7587090 12.1858230
55.7587210 12.1858330
55.7587330 12.1858440
55.7587410 12.1858500
55.7587490 12.1858580
55.7587580 12.1858650
55.7587680 12.1858710
55.7587800 12.1858830
55.7587930 12.1858920
55.7588050 12.1859000
55.7588130 12.1859070
55.7588210 12.1859080
55.7588320 12.1859160
55.7588420 12.1859230
55.7588550 12.1859320
55.7588640 12.1859400
55.7588720 12.1859490
55.7588810 12.1859520
55.7588920 12.1859560
55.7589030 12.1859650
55.7589160 12.1859720
55.7589270 12.1859800
55.7589360 12.1859880
55.7589460 12.1859960
55.7589560 12.1860000
55.7589660 12.1860070
55.7589740 12.1860120
55.7589820 12.1860130
55.7589900 12.1860170
55.7589990 12.1860170
55.7590080 12.1860240
55.7590270 12.1860450
55.7590340 12.1860540
55.7590420 12.1860630
55.7590530 12.1860740
55.7590640 12.1860920
55.7590810 12.1860930
55.7590910 12.1861060
55.7591000 12.1861240
55.7591110 12.1861400
55.7591280 12.1861620
55.7591370 12.1861690
55.7591450 12.1861770
55.7591560 12.1861900
55.7591680 12.1862030
55.7591790 12.1862140
55.7591940 12.1862250
55.7592160 12.1862420
55.7592240 12.1862470
55.7592320 12.1862530
55.7592510 12.1862630
55.7592590 12.1862690
55.7592660 12.1862750
55.7592880 12.1862880
55.7592960 12.1862950
55.7593050 12.1863010
55.7593210 12.1863140
55.7593320 12.1863260
55.7593430 12.1863320
55.7593530 12.1863400
55.7593630 12.1863510
55.7593730 12.1863620
55.7593840 12.1863710
55.7593950 12.1863790
55.7594130 12.1863940
55.7594220 12.1864000
55.7594300 12.1864070
55.7594480 12.1864250
55.7594560 12.1864330
55.7594640 12.1864420
55.7594770 12.1864530
55.7594890 12.1864660
55.7595010 12.1864780
55.7595180 12.1864940
55.7595340 12.1865110
55.7595460 12.1865270
55.7595570 12.1865380
55.7595710 12.1865500
55.7595910 12.1865640
55.7596010 12.1865670
55.7596100 12.1865710
55.7596310 12.1865810
55.7596390 12.1865870
55.7596470 12.1865930
55.7596590 12.1866040
55.7596690 12.1866150
55.7596770 12.1866220
55.7596950 12.1866360
55.7597040 12.1866420
55.7597120 12.1866470
55.7597240 12.1866570
55.7597340 12.1866650
55.7597440 12.1866740
55.7597540 12.1866840
55.7597650 12.1866890
55.7597750 12.1866970
55.7597860 12.1867050
55.7597970 12.1867130
55.7598060 12.1867180
55.7598150 12.1867190
55.7598240 12.1867200
55.7598350 12.1867220
55.7598440 12.1867160
55.7598580 12.1867150
55.7598620 12.1867190
55.7598680 12.1867260
55.7598780 12.1867370
55.7598880 12.1867460
55.7598990 12.1867570
55.7599080 12.1867680
55.7599290 12.1867770
55.7599420 12.1867830
55.7599530 12.1867870
55.7599640 12.1867910
55.7599840 12.1868010
55.7599920 12.1868050
55.7600000 12.1868100
55.7600190 12.1868290
55.7600260 12.1868350
55.7600330 12.1868410
55.7600450 12.1868520
55.7600520 12.1868580
55.7600620 12.1868690
55.7600700 12.1868810
55.7600780 12.1868910
55.7600860 12.1868980
55.7600950 12.1869030
55.7601040 12.1869090
55.7601140 12.1869150
55.7601250 12.1869250
55.7601350 12.1869340
55.7601440 12.1869420
55.7601540 12.1869490
55.7601620 12.1869490
55.7601690 12.1869430
55.7601770 12.1869320
55.7601780 12.1869140
55.7601780 12.1868960
55.7601750 12.1868770
55.7601710 12.1868400
55.7601690 12.1868250
55.7601670 12.1868110
55.7601650 12.1867920
55.7601620 12.1867720
55.7601630 12.1867500
55.7601680 12.1867130
55.7601700 12.1866990
55.7601710 12.1866840
55.7601730 12.1866500
55.7601750 12.1866330
55.7601760 12.1866160
55.7601760 12.1865870
55.7601770 12.1865530
55.7601790 12.1865390
55.7601790 12.1865260
55.7601760 12.1865150
55.7601740 12.1865050
55.7601710 12.1864960
55.7601710 12.1864750
55.7601740 12.1864620
55.7601740 12.1864470
55.7601750 12.1864070
55.7601760 12.1863900
55.7601760 12.1863720
55.7601750 12.1863300
55.7601750 12.1863130
55.7601750 12.1862960
55.7601750 12.1862560
55.7601730 12.1862410
55.7601720 12.1862260
55.7601750 12.1861900
55.7601770 12.1861730
55.7601800 12.1861570
55.7601810 12.1861400
55.7601820 12.1861190
55.7601810 12.1861040
55.7601850 12.1860940
55.7601880 12.1860970
55.7601920 12.1861000
55.7601960 12.1861030
55.7601990 12.1861060
55.7602030 12.1861090
55.7602060 12.1861120
55.7602100 12.1861150
55.7602140 12.1861180
55.7602170 12.1861210
55.7602210 12.1861240
55.7602520 12.1861340
55.7602570 12.1861360
55.7602660 12.1861360
55.7602740 12.1861380
55.7602850 12.1861390
55.7602960 12.1861390
55.7603070 12.1861390
55.7603170 12.1861370
55.7603270 12.1861320
55.7603350 12.1861300
55.7603430 12.1861240
55.7603500 12.1861100
55.7603540 12.1860910
55.7603570 12.1860710
55.7603570 12.1860500
55.7603560 12.1860120
55.7603550 12.1859960
55.7603540 12.1859810
55.7603510 12.1859420
55.7603510 12.1859270
55.7603500 12.1859120
55.7603490 12.1858870
55.7603480 12.1858630
55.7603480 12.1858410
55.7603470 12.1858200
55.7603460 12.1858020
55.7603460 12.1857650
55.7603480 12.1857480
55.7603500 12.1857320
55.7603530 12.1857170
55.7603530 12.1856930
55.7603520 12.1856720
55.7603480 12.1856520
55.7603430 12.1856340
55.7603390 12.1856150
55.7603360 12.1855970
55.7603330 12.1855800
55.7603320 12.1855650
55.7603310 12.1855480
55.7603280 12.1855280
55.7603260 12.1855090
55.7603240 12.1854910
55.7603230 12.1854710
55.7603280 12.1854460
55.7603370 12.1854180
55.7603400 12.1853930
55.7603380 12.1853750
55.7603410 12.1853370
55.7603430 12.1853080
55.7603440 12.1852770
55.7603450 12.1852420
55.7603450 12.1852240
55.7603460 12.1852070
55.7603460 12.1851850
55.7603460 12.1851660
55.7603460 12.1851470
55.7603460 12.1851300
55.7603450 12.1851140
55.7603440 12.1850960
55.7603440 12.1850800
55.7603450 12.1850650
55.7603440 12.1850490
55.7603430 12.1850310
55.7603410 12.1850120
55.7603400 12.1849930
55.7603400 12.1849710
55.7603380 12.1849490
55.7603370 12.1849300
55.7603370 12.1849110
55.7603360 12.1848930
55.7603360 12.1848760
55.7603350 12.1848600
55.7603420 12.1848570
55.7603440 12.1848410
55.7603450 12.1848250
55.7603460 12.1848060
55.7603480 12.1847730
55.7603470 12.1847560
55.7603470 12.1847400
55.7603510 12.1847180
55.7603570 12.1847030
55.7603650 12.1846890
55.7603710 12.1846730
55.7603770 12.1846580
55.7603830 12.1846460
55.7603880 12.1846340
55.7603920 12.1846100
55.7603950 12.1845840
55.7603980 12.1845570
55.7604000 12.1845320
55.7603950 12.1845000
55.7603950 12.1844730
55.7604000 12.1844370
55.7604010 12.1844220
55.7604030 12.1844080
55.7603970 12.1843810
55.7603960 12.1843600
55.7603970 12.1843380
55.7603990 12.1843160
55.7604020 12.1842980
55.7604020 12.1842750
55.7604030 12.1842560
55.7604080 12.1842410
55.7604110 12.1842260
55.7604160 12.1842130
55.7604120 12.1841910
55.7604110 12.1841760
55.7604070 12.1841670
55.7604070 12.1841640
55.7604060 12.1841670
55.7603980 12.1841720
55.7603960 12.1841790
55.7603960 12.1841830
55.7603970 12.1841860
55.7603980 12.1841880
55.7603950 12.1841800
55.7603950 12.1841720
55.7603960 12.1841450
55.7603960 12.1841210
55.7603970 12.1840970
55.7603980 12.1840750
55.7603990 12.1840560
55.7604000 12.1840370
55.7604020 12.1840160
55.7604040 12.1839970
55.7604040 12.1839750
55.7604090 12.1839580
55.7604130 12.1839390
55.7604160 12.1839190
55.7604170 12.1839010
55.7604090 12.1838770
55.7604090 12.1838600
55.7604100 12.1838410
55.7604150 12.1838240
55.7604190 12.1838070
55.7604140 12.1837820
55.7604140 12.1837650
55.7604210 12.1837490
55.7604250 12.1837310
55.7604280 12.1837150
55.7604260 12.1836920
55.7604280 12.1836770
55.7604300 12.1836620
55.7604310 12.1836450
55.7604340 12.1836330
55.7604330 12.1836090
55.7604350 12.1835970
55.7604380 12.1835870
55.7604410 12.1835740
55.7604440 12.1835520
55.7604480 12.1835310
55.7604520 12.1835130
55.7604540 12.1834960
55.7604550 12.1834770
55.7604710 12.1834620
55.7604760 12.1834440
55.7604790 12.1834230
55.7604810 12.1834020
55.7604840 12.1833630
55.7604850 12.1833430
55.7604860 12.1833240
55.7604880 12.1832990
55.7604910 12.1832770
55.7604930 12.1832550
55.7604990 12.1832280
55.7605020 12.1831860
55.7605060 12.1831730
55.7605090 12.1831590
55.7605150 12.1831380
55.7605180 12.1831210
55.7605190 12.1831040
55.7605200 12.1830850
55.7605290 12.1830560
55.7605330 12.1830180
55.7605410 12.1829990
55.7605410 12.1829710
55.7605410 12.1829390
55.7605350 12.1829310
55.7605350 12.1829220
55.7605370 12.1829000
55.7605390 12.1828780
55.7605380 12.1828440
55.7605370 12.1828280
55.7605350 12.1828130
55.7605400 12.1827830
55.7605450 12.1827720
55.7605500 12.1827620
55.7605550 12.1827510
55.7605710 12.1827540
55.7605860 12.1827550
55.7606010 12.1827580
55.7606130 12.1827700
55.7606340 12.1827850
55.7606410 12.1827910
55.7606490 12.1827960
55.7606680 12.1828080
55.7606760 12.1828130
55.7606850 12.1828170
55.7606990 12.1828230
55.7607160 12.1828310
55.7607280 12.1828370
55.7607450 12.1828390
55.7607660 12.1828420
55.7607750 12.1828450
55.7607830 12.1828480
55.7607930 12.1828520
55.7608010 12.1828550
55.7608060 12.1828480
55.7608030 12.1828390
55.7608030 12.1828290
55.7608060 12.1828090
55.7608080 12.1827860
55.7608090 12.1827670
55.7608090 12.1827490
55.7608090 12.1827320
55.7608060 12.1827160
55.7608040 12.1826980
55.7608040 12.1826770
55.7608050 12.1826560
55.7608060 12.1826380
55.7608070 12.1826010
55.7608080 12.1825840
55.7608090 12.1825680
55.7608130 12.1825470
55.7608170 12.1825370
55.7608210 12.1825190
55.7608220 12.1825040
55.7608240 12.1824920
55.7608290 12.1824710
55.7608320 12.1824530
55.7608350 12.1824360
55.7608390 12.1824210
55.7608410 12.1824010
55.7608420 12.1823820
55.7608440 12.1823640
55.7608460 12.1823480
55.7608480 12.1823320
55.7608510 12.1823150
55.7608530 12.1822990
55.7608550 12.1822860
55.7608570 12.1822690
55.7608610 12.1822530
55.7608610 12.1822340
55.7608580 12.1822180
55.7608490 12.1822070
55.7608390 12.1821990
55.7608280 12.1821910
55.7608150 12.1821860
55.7607940 12.1821770
55.7607860 12.1821730
55.7607780 12.1821690
55.7607670 12.1821640
55.7607560 12.1821590
55.7607460 12.1821570
55.7607360 12.1821580
55.7607270 12.1821560
55.7607200 12.1821570
55.7607100 12.1821590
55.7606990 12.1821590
55.7606890 12.1821580
55.7606780 12.1821580
55.7606680 12.1821560
55.7606580 12.1821570
55.7606510 12.1821620
55.7606460 12.1821770
55.7606430 12.1821930
55.7606380 12.1822030
55.7606290 12.1822140
55.7606230 12.1822150
55.7606210 12.1822150
55.7606210 12.1822190
55.7606180 12.1822330
55.7606210 12.1822500
55.7606260 12.1822710
55.7606270 12.1822840
55.7606270 12.1823060
55.7606270 12.1823270
55.7606260 12.1823520
55.7606240 12.1823750
55.7606220 12.1823960
55.7606210 12.1824140
55.7606190 12.1824300
55.7606240 12.1824440
55.7606260 12.1824630
55.7606260 12.1824840
55.7606270 12.1825020
55.7606260 12.1825220
55.7606250 12.1825420
55.7606250 12.1825600
55.7606250 12.1825800
55.7606250 12.1825980
55.7606200 12.1826330
55.7606180 12.1826480
55.7606170 12.1826620
55.7606170 12.1826830
55.7606160 12.1827000
55.7606160 12.1827170
55.7606150 12.1827360
55.7606100 12.1827540
55.7606030 12.1827690
55.7605920 12.1827760
55.7605820 12.1827790
55.7605710 12.1827750
55.7605630 12.1827660
55.7605580 12.1827510
55.7605550 12.1827320
55.7605510 12.1826960
55.7605490 12.1826810
55.7605480 12.1826670
55.7605450 12.1826310
55.7605450 12.1826150
55.7605450 12.1825990
55.7605470 12.1825600
55.7605470 12.1825450
55.7605480 12.1825290
55.7605520 12.1825080
55.7605530 12.1824900
55.7605570 12.1824670
55.7605590 12.1824450
55.7605620 12.1824240
55.7605650 12.1824050
55.7605690 12.1823860
55.7605700 12.1823680
55.7605700 12.1823500
55.7605700 12.1823310
55.7605700 12.1823130
55.7605700 12.1822950
55.7605700 12.1822780
55.7605710 12.1822590
55.7605730 12.1822380
55.7605740 12.1822180
55.7605750 12.1822000
55.7605760 12.1821810
55.7605760 12.1821600
55.7605760 12.1821400
55.7605760 12.1821250
55.7605760 12.1821100
55.7605750 12.1820960
55.7605750 12.1820810
55.7605760 12.1820650
55.7605760 12.1820470
55.7605760 12.1820290
55.7605750 12.1820090
55.7605750 12.1819890
55.7605740 12.1819680
55.7605800 12.1819550
55.7605870 12.1819330
55.7605910 12.1819130
55.7605900 12.1818970
55.7605900 12.1818790
55.7605860 12.1818620
55.7605850 12.1818400
55.7605820 12.1818160
55.7605780 12.1818060
55.7605770 12.1817840
55.7605760 12.1817640
55.7605750 12.1817480
55.7605720 12.1817330
55.7605680 12.1817040
55.7605670 12.1816920
55.7605650 12.1816810
55.7605630 12.1816690
55.7605590 12.1816330
55.7605570 12.1816190
55.7605550 12.1816050
55.7605640 12.1815570
55.7605690 12.1815390
55.7605730 12.1815130
55.7605750 12.1814860
55.7605780 12.1814540
55.7605790 12.1814330
55.7605780 12.1814020
55.7605750 12.1813810
55.7605730 12.1813560
55.7605730 12.1813360
55.7605710 12.1813190
55.7605680 12.1812860
55.7605670 12.1812710
55.7605660 12.1812550
55.7605650 12.1812350
55.7605660 12.1812140
55.7605630 12.1812000
55.7605610 12.1811860
55.7605600 12.1811700
55.7605590 12.1811530
55.7605600 12.1811410
55.7605610 12.1811270
55.7605620 12.1811080
55.7605650 12.1810870
55.7605690 12.1810660
55.7605730 12.1810460
55.7605760 12.1810250
55.7605800 12.1809870
55.7605810 12.1809720
55.7605820 12.1809570
55.7605820 12.1809370
55.7605830 12.1809140
55.7605850 12.1808940
55.7605860 12.1808740
55.7605850 12.1808530
55.7605840 12.1808310
55.7605780 12.1808120
55.7605700 12.1807870
55.7605640 12.1807450
55.7605620 12.1807380
55.7605600 12.1807310
55.7605580 12.1807240
55.7605600 12.1806980
55.7605640 12.1806730
55.7605680 12.1806490
55.7605720 12.1806270
55.7605760 12.1805900
55.7605760 12.1805760
55.7605770 12.1805610
55.7605770 12.1805410
55.7605760 12.1805210
55.7605750 12.1805020
55.7605720 12.1804830
55.7605700 12.1804660
55.7605680 12.1804460
55.7605690 12.1804330
55.7605720 12.1804200
55.7605730 12.1804020
55.7605740 12.1803830
55.7605750 12.1803630
55.7605750 12.1803430
55.7605760 12.1803200
55.7605770 12.1802990
55.7605790 12.1802800
55.7605810 12.1802620
55.7605820 12.1802440
55.7605840 12.1802280
55.7605820 12.1802060
55.7605820 12.1801880
55.7605830 12.1801700
55.7605830 12.1801510
55.7605820 12.1801320
55.7605790 12.1801180
55.7605750 12.1801060
55.7605750 12.1800940
55.7605800 12.1800710
55.7605830 12.1800530
55.7605840 12.1800320
55.7605840 12.1800150
55.7605840 12.1799980
55.7605850 12.1799810
55.7605930 12.1799560
55.7605980 12.1799340
55.7606060 12.1798990
55.7606080 12.1798840
55.7606110 12.1798700
55.7606150 12.1798320
55.7606170 12.1798180
55.7606180 12.1798050
55.7606210 12.1797690
55.7606210 12.1797530
55.7606210 12.1797370
55.7606210 12.1797160
55.7606230 12.1796950
55.7606240 12.1796740
55.7606250 12.1796530
55.7606270 12.1796360
55.7606300 12.1796140
55.7606320 12.1795950
55.7606340 12.1795740
55.7606360 12.1795540
55.7606340 12.1795170
55.7606360 12.1795030
55.7606380 12.1794890
55.7606440 12.1794530
55.7606440 12.1794380
55.7606450 12.1794220
55.7606440 12.1793980
55.7606450 12.1793780
55.7606530 12.1793590
55.7606640 12.1793280
55.7606660 12.1793140
55.7606680 12.1793010
55.7606700 12.1792830
55.7606700 12.1792620
55.7606690 12.1792420
55.7606680 12.1792230
55.7606660 12.1792030
55.7606650 12.1791840
55.7606660 12.1791450
55.7606730 12.1791300
55.7606790 12.1791160
55.7606840 12.1790900
55.7606880 12.1790720
55.7606870 12.1790530
55.7606890 12.1790350
55.7606900 12.1790170
55.7606890 12.1790000
55.7606890 12.1789820
55.7606880 12.1789630
55.7606880 12.1789450
55.7606890 12.1789270
55.7606880 12.1789100
55.7606890 12.1788900
55.7606910 12.1788730
55.7606970 12.1788530
55.7607040 12.1788340
55.7607110 12.1788200
55.7607180 12.1788050
55.7607250 12.1787900
55.7607380 12.1787760
55.7607490 12.1787620
55.7607600 12.1787500
55.7607700 12.1787370
55.7607760 12.1787280
55.7607900 12.1787120
55.7607960 12.1787070
55.7608030 12.1787010
55.7608090 12.1786950
55.7608170 12.1786870
55.7608300 12.1786790
55.7608410 12.1786710
55.7608510 12.1786650
55.7608610 12.1786590
55.7608710 12.1786510
55.7608820 12.1786420
55.7608910 12.1786330
55.7608990 12.1786190
55.7609080 12.1786130
55.7609160 12.1786030
55.7609240 12.1785950
55.7609310 12.1785880
55.7609400 12.1785800
55.7609500 12.1785730
55.7609610 12.1785630
55.7609720 12.1785570
55.7609840 12.1785540
55.7610050 12.1785520
55.7610140 12.1785520
55.7610230 12.1785530
55.7610460 12.1785550
55.7610530 12.1785540
55.7610610 12.1785540
55.7610820 12.1785540
55.7610920 12.1785540
55.7611010 12.1785550
55.7611140 12.1785660
55.7611250 12.1785620
55.7611360 12.1785600
55.7611460 12.1785520
55.7611550 12.1785420
55.7611640 12.1785330
55.7611700 12.1785230
55.7611770 12.1785090
55.7611840 12.1784960
55.7611900 12.1784840
55.7611960 12.1784710
55.7612040 12.1784530
55.7612090 12.1784460
55.7612130 12.1784470
55.7612130 12.1784500
55.7612100 12.1784540
55.7612090 12.1784570
55.7612030 12.1784540
55.7611970 12.1784370
55.7611920 12.1784090
55.7611930 12.1783940
55.7611900 12.1783700
55.7611880 12.1783540
55.7611870 12.1783390
55.7611850 12.1783230
55.7611830 12.1783050
55.7611810 12.1782870
55.7611780 12.1782680
55.7611740 12.1782500
55.7611700 12.1782320
55.7611670 12.1782150
55.7611630 12.1781990
55.7611600 12.1781840
55.7611560 12.1781680
55.7611550 12.1781540
55.7611530 12.1781400
55.7611530 12.1781260
55.7611530 12.1781110
55.7611530 12.1780950
55.7611590 12.1780850
55.7611640 12.1780710
55.7611650 12.1780530
55.7611650 12.1780340
55.7611630 12.1780130
55.7611610 12.1779950
55.7611610 12.1779740
55.7611600 12.1779540
55.7611600 12.1779360
55.7611600 12.1779150
55.7611610 12.1778950
55.7611630 12.1778750
55.7611630 12.1778570
55.7611610 12.1778370
55.7611610 12.1778170
55.7611600 12.1777980
55.7611590 12.1777780
55.7611570 12.1777590
55.7611560 12.1777420
55.7611550 12.1777260
55.7611550 12.1777020
55.7611550 12.1776830
55.7611570 12.1776630
55.7611590 12.1776450
55.7611600 12.1776240
55.7611610 12.1776040
55.7611600 12.1775840
55.7611590 12.1775630
55.7611570 12.1775430
55.7611540 12.1775230
55.7611520 12.1775040
55.7611500 12.1774870
55.7611460 12.1774700
55.7611440 12.1774510
55.7611400 12.1774330
55.7611380 12.1774120
55.7611360 12.1773960
55.7611340 12.1773740
55.7611320 12.1773550
55.7611290 12.1773360
55.7611260 12.1773170
55.7611200 12.1773000
55.7611150 12.1772840
55.7611040 12.1772560
55.7610980 12.1772430
55.7610930 12.1772310
55.7610850 12.1772050
55.7610790 12.1771850
55.7610730 12.1771720
55.7610650 12.1771550
55.7610580 12.1771370
55.7610530 12.1771210
55.7610510 12.1771000
55.7610530 12.1770730
55.7610530 12.1770580
55.7610490 12.1770430
55.7610450 12.1770250
55.7610410 12.1770030
55.7610370 12.1769840
55.7610310 12.1769700
55.7610250 12.1769530
55.7610180 12.1769410
55.7610100 12.1769300
55.7610000 12.1769250
55.7609910 12.1769220
55.7609820 12.1769180
55.7609730 12.1769140
55.7609630 12.1769140
55.7609520 12.1769160
55.7609330 12.1769320
55.7609270 12.1769420
55.7609200 12.1769510
55.7609060 12.1769790
55.7609010 12.1769910
55.7608950 12.1770020
55.7608860 12.1770230
55.7608780 12.1770430
55.7608710 12.1770590
55.7608650 12.1770720
55.7608580 12.1770850
55.7608510 12.1770970
55.7608440 12.1771090
55.7608370 12.1771220
55.7608300 12.1771340
55.7608210 12.1771460
55.7608130 12.1771580
55.7608010 12.1771720
55.7607910 12.1771850
55.7607710 12.1772030
55.7607620 12.1772120
55.7607520 12.1772200
55.7607320 12.1772430
55.7607260 12.1772490
55.7607210 12.1772560
55.7607130 12.1772670
55.7607050 12.1772760
55.7606950 12.1772840
55.7606860 12.1772920
55.7606760 12.1773030
55.7606670 12.1773140
55.7606570 12.1773190
55.7606480 12.1773260
55.7606370 12.1773370
55.7606280 12.1773380
55.7606180 12.1773320
55.7606110 12.1773360
55.7606020 12.1773440
55.7605910 12.1773570
55.7605830 12.1773690
55.7605760 12.1773820
55.7605700 12.1773950
55.7605630 12.1774100
55.7605550 12.1774220
55.7605470 12.1774330
55.7605360 12.1774490
55.7605280 12.1774610
55.7605190 12.1774730
55.7605100 12.1774850
55.7605030 12.1774970
55.7604960 12.1775090
55.7604870 12.1775170
55.7604800 12.1775290
55.7604740 12.1775420
55.7604710 12.1775510
55.7604690 12.1775600
55.7604650 12.1775730
55.7604600 12.1775880
55.7604560 12.1776050
55.7604500 12.1776190
55.7604440 12.1776360
55.7604390 12.1776520
55.7604340 12.1776670
55.7604290 12.1776820
55.7604240 12.1776910
55.7604170 12.1777000
55.7604110 12.1777120
55.7604040 12.1777280
55.7603980 12.1777450
55.7603920 12.1777610
55.7603860 12.1777760
55.7603800 12.1777920
55.7603760 12.1778080
55.7603710 12.1778250
55.7603660 12.1778430
55.7603610 12.1778580
55.7603580 12.1778720
55.7603520 12.1778860
55.7603460 12.1779010
55.7603390 12.1779140
55.7603330 12.1779300
55.7603270 12.1779470
55.7603210 12.1779620
55.7603140 12.1779780
55.7603090 12.1779920
55.7603020 12.1780050
55.7602950 12.1780160
55.7602880 12.1780270
55.7602820 12.1780380
55.7602760 12.1780490
55.7602690 12.1780610
55.7602620 12.1780760
55.7602540 12.1780850
55.7602460 12.1780930
55.7602360 12.1780970
55.7602250 12.1781040
55.7602150 12.1781140
55.7602050 12.1781240
55.7601950 12.1781330
55.7601850 12.1781410
55.7601760 12.1781470
55.7601680 12.1781530
55.7601610 12.1781580
55.7601540 12.1781650
55.7601470 12.1781710
55.7601380 12.1781770
55.7601300 12.1781830
55.7601210 12.1781880
55.7601130 12.1781910
55.7601060 12.1781900
55.7600990 12.1781870
55.7600920 12.1781860
55.7600830 12.1781870
55.7600720 12.1781820
55.7600590 12.1781740
55.7600540 12.1781760
55.7600440 12.1781710
55.7600370 12.1781730
55.7600300 12.1781790
55.7600230 12.1781860
55.7600150 12.1781940
55.7600040 12.1781990
55.7599930 12.1782080
55.7599840 12.1782200
55.7599700 12.1782110
55.7599590 12.1782220
55.7599510 12.1782360
55.7599410 12.1782490
55.7599170 12.1782430
55.7599030 12.1782260
55.7598930 12.1782200
55.7598850 12.1782180
55.7598750 12.1782180
55.7598650 12.1782180
55.7598550 12.1782190
55.7598450 12.1782200
55.7598350 12.1782140
55.7598260 12.1782090
55.7598140 12.1782200
55.7598050 12.1782300
55.7597950 12.1782410
55.7597870 12.1782490
55.7597790 12.1782600
55.7597690 12.1782700
55.7597580 12.1782800
55.7597480 12.1782880
55.7597370 12.1782980
55.7597280 12.1783090
55.7597190 12.1783220
55.7597110 12.1783340
55.7597030 12.1783440
55.7596940 12.1783540
55.7596850 12.1783710
55.7596780 12.1783840
55.7596720 12.1783970
55.7596650 12.1784110
55.7596590 12.1784280
55.7596530 12.1784430
55.7596480 12.1784590
55.7596420 12.1784720
55.7596370 12.1784880
55.7596330 12.1785040
55.7596280 12.1785270
55.7596240 12.1785440
55.7596210 12.1785630
55.7596180 12.1785810
55.7596150 12.1785990
55.7596120 12.1786170
55.7596090 12.1786350
55.7596060 12.1786540
55.7596050 12.1786710
55.7596040 12.1786890
55.7596040 12.1787130
55.7596030 12.1787330
55.7596050 12.1787420
55.7596040 12.1787500
55.7596030 12.1787600
55.7595960 12.1787750
55.7595940 12.1787880
55.7595930 12.1788030
55.7595920 12.1788170
55.7595890 12.1788380
55.7595850 12.1788550
55.7595800 12.1788770
55.7595740 12.1788970
55.7595660 12.1789320
55.7595650 12.1789460
55.7595630 12.1789590
55.7595620 12.1789770
55.7595600 12.1789960
55.7595590 12.1790130
55.7595570 12.1790290
55.7595550 12.1790470
55.7595520 12.1790640
55.7595520 12.1791030
55.7595510 12.1791170
55.7595490 12.1791320
55.7595450 12.1791510
55.7595420 12.1791660
55.7595390 12.1791860
55.7595350 12.1792020
55.7595310 12.1792200
55.7595260 12.1792370
55.7595230 12.1792530
55.7595190 12.1792710
55.7595150 12.1792880
55.7595120 12.1793060
55.7595090 12.1793240
55.7595050 12.1793430
55.7595030 12.1793660
55.7595000 12.1793840
55.7594960 12.1794040
55.7594920 12.1794230
55.7594890 12.1794410
55.7594860 12.1794640
55.7594840 12.1794850
55.7594830 12.1795020
55.7594820 12.1795220
55.7594810 12.1795420
55.7594800 12.1795640
55.7594780 12.1795820
55.7594770 12.1796000
55.7594760 12.1796180
55.7594740 12.1796360
55.7594710 12.1796540
55.7594670 12.1796710
55.7594650 12.1796890
55.7594630 12.1797080
55.7594610 12.1797270
55.7594560 12.1797410
55.7594520 12.1797580
55.7594470 12.1797750
55.7594420 12.1797920
55.7594380 12.1798070
55.7594340 12.1798250
55.7594320 12.1798400
55.7594290 12.1798580
55.7594250 12.1798770
55.7594190 12.1798960
55.7594130 12.1799150
55.7594080 12.1799310
55.7594020 12.1799490
55.7593970 12.1799680
55.7593920 12.1799870
55.7593870 12.1800050
55.7593830 12.1800200
55.7593790 12.1800360
55.7593750 12.1800540
55.7593710 12.1800710
55.7593660 12.1800920
55.7593630 12.1801010
55.7593590 12.1801190
55.7593530 12.1801460
55.7593490 12.1801720
55.7593490 12.1801800
55.7593490 12.1801910
55.7593490 12.1802020
55.7593470 12.1802200
55.7593450 12.1802350
55.7593420 12.1802520
55.7593410 12.1802670
55.7593400 12.1802810
55.7593390 12.1802940
55.7593380 12.1803070
55.7593380 12.1803210
55.7593390 12.1803370
55.7593400 12.1803560
55.7593400 12.1803720
55.7593400 12.1803850
55.7593410 12.1804020
55.7593410 12.1804190
55.7593400 12.1804370
55.7593370 12.1804570
55.7593310 12.1804760
55.7593250 12.1804970
55.7593200 12.1805130
55.7593170 12.1805300
55.7593160 12.1805460
55.7593130 12.1805620
55.7593120 12.1805800
55.7593100 12.1806010
55.7593080 12.1806180
55.7593060 12.1806340
55.7593030 12.1806510
55.7593010 12.1806690
55.7592960 12.1806860
55.7592900 12.1807040
55.7592870 12.1807210
55.7592800 12.1807420
55.7592720 12.1807620
55.7592620 12.1807870
55.7592590 12.1808050
55.7592550 12.1808270
55.7592510 12.1808450
55.7592480 12.1808640
55.7592450 12.1808800
55.7592410 12.1809000
55.7592340 12.1809330
55.7592300 12.1809470
55.7592270 12.1809600
55.7592230 12.1809800
55.7592210 12.1809980
55.7592180 12.1810150
55.7592170 12.1810310
55.7592070 12.1810510
55.7592030 12.1810710
55.7592030 12.1810860
55.7592020 12.1811020
55.7592040 12.1811200
55.7592010 12.1811330
55.7592020 12.1811490
55.7592040 12.1811640
55.7592060 12.1811800
55.7592060 12.1812000
55.7592080 12.1812200
55.7592090 12.1812370
55.7592080 12.1812540
55.7592080 12.1812710
55.7592060 12.1812860
55.7591990 12.1813020
55.7591970 12.1813200
55.7591950 12.1813410
55.7591930 12.1813580
55.7591910 12.1813720
55.7591890 12.1813890
55.7591880 12.1814060
55.7591870 12.1814250
55.7591830 12.1814360
55.7591800 12.1814490
55.7591770 12.1814670
55.7591760 12.1814860
55.7591740 12.1815040
55.7591710 12.1815240
55.7591680 12.1815420
55.7591620 12.1815720
55.7591590 12.1815900
55.7591500 12.1816130
55.7591440 12.1816310
55.7591370 12.1816470
55.7591360 12.1816720
55.7591320 12.1816900
55.7591280 12.1817090
55.7591250 12.1817260
55.7591220 12.1817410
55.7591230 12.1817620
55.7591220 12.1817850
55.7591170 12.1817930
55.7591140 12.1817970
55.7591140 12.1818000
55.7591130 12.1818160
55.7591110 12.1818290
55.7591090 12.1818440
55.7591050 12.1818760
55.7591040 12.1818920
55.7591020 12.1819080
55.7590950 12.1819300
55.7590880 12.1819540
55.7590830 12.1819740
55.7590790 12.1819930
55.7590730 12.1820080
55.7590670 12.1820200
55.7590580 12.1820290
55.7590470 12.1820380
55.7590270 12.1820520
55.7590190 12.1820570
55.7590100 12.1820630
55.7589940 12.1820720
55.7589770 12.1820570
55.7589580 12.1820390
55.7589450 12.1820310
55.7589390 12.1820220
55.7589400 12.1820170
55.7589390 12.1820130
55.7589380 12.1820090
55.7589360 12.1820060
55.7589300 12.1820050
55.7589260 12.1820030
55.7589190 12.1819910
55.7589180 12.1819540
