55.760710 12.178658
55.760589 12.181095
55.763794 12.180825
55.763264 12.179591
55.763614 12.179324
55.763889 12.179526
55.763846 12.179280
55.763827 12.178325
55.763447 12.178886
55.763523 12.178912
55.763395 12.179226
55.763457 12.178753
55.763007 12.178004
55.762969 12.178450
55.762621 12.178204
55.762598 12.178687
55.763040 12.179031
55.763054 12.180296
55.762344 12.180758
55.762653 12.180618
55.762790 12.180064
55.762023 12.179848
55.761674 12.178476
55.761030 12.177026
55.761014 12.178591
55.761162 12.178495
55.761118 12.178929
55.761539 12.180574
55.761252 12.181480
55.761397 12.181618
55.761857 12.181253
55.761767 12.181845
55.762100 12.182087
55.762306 12.181745
55.762425 12.181539
55.762540 12.181170
55.763125 12.182214
55.762842 12.182050
55.763029 12.182707
55.762282 12.184680
55.761467 12.183451
55.760508 12.183376
55.761289 12.183446
55.761047 12.187561
55.760395 12.187124
55.760176 12.186886
